[Cursor]
SetIndex: 0
ItemCount: 5
0,0,0,32,32,0,0
0,32,0,32,32,0,0
0,64,0,32,32,0,0
0,96,0,32,32,0,0
0,128,0,32,32,0,0

[Amulet]
SetIndex: 1
ItemCount: 103
1,0,0,22,22,0,0
1,22,0,22,22,0,0
1,44,0,22,22,0,0
1,66,0,22,22,0,0
1,88,0,22,22,0,0
1,110,0,22,22,0,0
1,132,0,22,22,0,0
1,154,0,22,22,0,0
1,176,0,22,22,0,0
1,198,0,22,22,0,0
1,0,22,22,22,0,0
1,22,22,22,22,0,0
1,44,22,22,22,0,0
1,66,22,22,22,0,0
1,88,22,22,22,0,0
1,110,22,22,22,0,0
1,132,22,22,22,0,0
1,154,22,22,22,0,0
1,176,22,22,22,0,0
1,198,22,22,22,0,0
1,0,44,22,22,0,0
1,22,44,22,22,0,0
1,44,44,22,22,0,0
1,66,44,22,22,0,0
1,88,44,22,22,0,0
1,110,44,22,22,0,0
1,132,44,22,22,0,0
1,154,44,22,22,0,0
1,176,44,22,22,0,0
1,198,44,22,22,0,0
1,0,66,22,22,0,0
1,22,66,22,22,0,0
1,44,66,22,22,0,0
1,66,66,22,22,0,0
1,88,66,22,22,0,0
1,110,66,22,22,0,0
1,132,66,22,22,0,0
1,154,66,22,22,0,0
1,176,66,22,22,0,0
1,198,66,22,22,0,0
1,0,88,22,22,0,0
1,22,88,22,22,0,0
1,44,88,22,22,0,0
1,66,88,22,22,0,0
1,88,88,22,22,0,0
1,110,88,22,22,0,0
1,132,88,22,22,0,0
1,154,88,22,22,0,0
1,176,88,22,22,0,0
1,198,88,22,22,0,0
1,0,110,22,22,0,0
1,22,110,22,22,0,0
1,44,110,22,22,0,0
1,66,110,22,22,0,0
1,88,110,22,22,0,0
1,110,110,22,22,0,0
1,132,110,22,22,0,0
1,154,110,22,22,0,0
1,176,110,22,22,0,0
1,198,110,22,22,0,0
1,0,132,22,22,0,0
1,22,132,22,22,0,0
1,44,132,22,22,0,0
1,66,132,22,22,0,0
1,88,132,22,22,0,0
1,110,132,22,22,0,0
1,132,132,22,22,0,0
1,154,132,22,22,0,0
1,176,132,22,22,0,0
1,198,132,22,22,0,0
1,0,154,22,22,0,0
1,22,154,22,22,0,0
1,44,154,22,22,0,0
1,66,154,22,22,0,0
1,88,154,22,22,0,0
1,110,154,22,22,0,0
1,132,154,22,22,0,0
1,154,154,22,22,0,0
1,176,154,22,22,0,0
1,198,154,22,22,0,0
1,0,176,22,22,0,0
1,22,176,22,22,0,0
1,44,176,22,22,0,0
1,66,176,22,22,0,0
1,88,176,22,22,0,0
1,110,176,22,22,0,0
1,132,176,22,22,0,0
1,154,176,22,22,0,0
1,176,176,22,22,0,0
1,198,176,22,22,0,0
1,0,198,22,22,0,0
1,22,198,22,22,0,0
1,44,198,22,22,0,0
1,66,198,22,22,0,0
1,88,198,22,22,0,0
1,110,198,22,22,0,0
1,132,198,22,22,0,0
1,154,198,22,22,0,0
1,176,198,22,22,0,0
1,198,198,22,22,0,0
1,0,220,22,22,0,0
1,22,220,22,22,0,0
1,44,220,22,22,0,0


[Amulet_sel]
SetIndex: 2
ItemCount: 103
2,0,0,22,22,0,0
2,22,0,22,22,0,0
2,44,0,22,22,0,0
2,66,0,22,22,0,0
2,88,0,22,22,0,0
2,110,0,22,22,0,0
2,132,0,22,22,0,0
2,154,0,22,22,0,0
2,176,0,22,22,0,0
2,198,0,22,22,0,0
2,0,22,22,22,0,0
2,22,22,22,22,0,0
2,44,22,22,22,0,0
2,66,22,22,22,0,0
2,88,22,22,22,0,0
2,110,22,22,22,0,0
2,132,22,22,22,0,0
2,154,22,22,22,0,0
2,176,22,22,22,0,0
2,198,22,22,22,0,0
2,0,44,22,22,0,0
2,22,44,22,22,0,0
2,44,44,22,22,0,0
2,66,44,22,22,0,0
2,88,44,22,22,0,0
2,110,44,22,22,0,0
2,132,44,22,22,0,0
2,154,44,22,22,0,0
2,176,44,22,22,0,0
2,198,44,22,22,0,0
2,0,66,22,22,0,0
2,22,66,22,22,0,0
2,44,66,22,22,0,0
2,66,66,22,22,0,0
2,88,66,22,22,0,0
2,110,66,22,22,0,0
2,132,66,22,22,0,0
2,154,66,22,22,0,0
2,176,66,22,22,0,0
2,198,66,22,22,0,0
2,0,88,22,22,0,0
2,22,88,22,22,0,0
2,44,88,22,22,0,0
2,66,88,22,22,0,0
2,88,88,22,22,0,0
2,110,88,22,22,0,0
2,132,88,22,22,0,0
2,154,88,22,22,0,0
2,176,88,22,22,0,0
2,198,88,22,22,0,0
2,0,110,22,22,0,0
2,22,110,22,22,0,0
2,44,110,22,22,0,0
2,66,110,22,22,0,0
2,88,110,22,22,0,0
2,110,110,22,22,0,0
2,132,110,22,22,0,0
2,154,110,22,22,0,0
2,176,110,22,22,0,0
2,198,110,22,22,0,0
2,0,132,22,22,0,0
2,22,132,22,22,0,0
2,44,132,22,22,0,0
2,66,132,22,22,0,0
2,88,132,22,22,0,0
2,110,132,22,22,0,0
2,132,132,22,22,0,0
2,154,132,22,22,0,0
2,176,132,22,22,0,0
2,198,132,22,22,0,0
2,0,154,22,22,0,0
2,22,154,22,22,0,0
2,44,154,22,22,0,0
2,66,154,22,22,0,0
2,88,154,22,22,0,0
2,110,154,22,22,0,0
2,132,154,22,22,0,0
2,154,154,22,22,0,0
2,176,154,22,22,0,0
2,198,154,22,22,0,0
2,0,176,22,22,0,0
2,22,176,22,22,0,0
2,44,176,22,22,0,0
2,66,176,22,22,0,0
2,88,176,22,22,0,0
2,110,176,22,22,0,0
2,132,176,22,22,0,0
2,154,176,22,22,0,0
2,176,176,22,22,0,0
2,198,176,22,22,0,0
2,0,198,22,22,0,0
2,22,198,22,22,0,0
2,44,198,22,22,0,0
2,66,198,22,22,0,0
2,88,198,22,22,0,0
2,110,198,22,22,0,0
2,132,198,22,22,0,0
2,154,198,22,22,0,0
2,176,198,22,22,0,0
2,198,198,22,22,0,0
2,0,220,22,22,0,0
2,22,220,22,22,0,0
2,44,220,22,22,0,0

[dir]
SetIndex: 3
ItemCount: 1
0,192,0,16,16,0,0

[up_btn]
SetIndex: 4
ItemCount: 2
0,209,0,10,17,0,0
0,219,0,10,17,0,0

[down_btn]
SetIndex: 5
ItemCount: 2
0,209,19,10,17,0,0
0,219,19,10,17,0,0

[progress]
SetIndex: 6
ItemCount: 2
34,0,235,110,4,0,0
28,135,83,75,18,0,0

[party_hp_progress]
SetIndex: 7
ItemCount: 2
34,0,235,110,4,0,0
26,174,0,4,4,0,0

[party_cancelBtn]
SetIndex: 8
ItemCount: 5
35,184,0,24,24,0,0
35,208,0,24,24,0,0
35,208,0,24,24,0,0
35,232,0,24,24,0,0
35,232,0,24,24,0,0

[MessageBox_BG]
SetIndex: 9
ItemCount: 1
36,0,0,256,97,0,0

[skill_cover]
SetIndex: 10
ItemCount: 3
59,0,0,74,64,0,0
59,74,0,74,64,0,0
59,0,82,74,64,0,0

[N_minimap]
SetIndex: 11
ItemCount: 1
4,0,0,384,384,0,0

[title_1]
SetIndex: 12
ItemCount: 1
5,0,0,256,256,0,0

[title_2]
SetIndex: 13
ItemCount: 1
6,0,0,256,256,0,0

[OK_Btn]
SetIndex: 14
ItemCount: 5
58,0,0,103,21,0,0
58,0,21,103,21,0,0
58,0,21,103,21,0,0
58,0,21,103,21,0,0
58,0,0,103,21,0,0

[Cancel_Btn]
SetIndex: 15
ItemCount: 5
58,0,42,103,21,0,0
58,0,63,103,21,0,0
58,0,63,103,21,0,0
58,0,63,103,21,0,0
58,0,42,103,21,0,0

[Party_Btn]
SetIndex: 16
ItemCount: 5
58,103,0,103,21,0,0
58,103,21,103,21,0,0
58,103,21,103,21,0,0
58,103,21,103,21,0,0
58,103,0,103,21,0,0

[Trade_Btn]
SetIndex: 17
ItemCount: 5
58,103,42,103,21,0,0
58,103,63,103,21,0,0
58,103,63,103,21,0,0
58,103,63,103,21,0,0
58,103,42,103,21,0,0

[skill_1]
SetIndex: 18
ItemCount: 3
59,203,0,53,13,0,0
59,203,42,53,13,0,0
59,203,84,53,13,0,0

[skill_2]
SetIndex: 19
ItemCount: 3
59,203,14,53,13,0,0
59,203,56,53,13,0,0
59,203,98,53,13,0,0

[skill_3]
SetIndex: 20
ItemCount: 3
59,203,28,53,13,0,0
59,203,70,53,13,0,0
59,203,112,53,13,0,0

[store_title]
SetIndex: 21
ItemCount: 1
24,135,0,104,234,0,0

[warehouse_title]
SetIndex: 22
ItemCount: 1
36,0,152,234,104,0,0

[grid_back_left]
SetIndex: 23
ItemCount: 1
30,23,3,112,146,0,0

[grid_back_right]
SetIndex: 24
ItemCount: 1
31,0,3,110,146,0,0

[party_title]
SetIndex: 25
ItemCount: 1
34,0,0,108,114,0,0

[party_body]
SetIndex: 26
ItemCount: 1
35,0,0,108,141,0,0

[skill_Master_title]
SetIndex: 27
ItemCount: 1
37,0,0,234,102,0,0

[skill_title]
SetIndex: 28
ItemCount: 1
37,0,102,234,104,0,0

[skill_grid]
SetIndex: 29
ItemCount: 1
38,0,0,234,256,0,0

[skill_grid2]
SetIndex: 30
ItemCount: 1
59,0,168,234,89,0,0

[trade_up]
SetIndex: 31
ItemCount: 1
39,0,0,234,256,0,0

[trade_down]
SetIndex: 32
ItemCount: 1
40,0,0,234,246,0,0

[trade_check]
SetIndex: 33
ItemCount: 5
40,199,26,18,18,0,0
40,234,0,18,18,0,0
40,234,0,18,18,0,0
40,234,18,18,18,0,0
40,234,18,18,18,0,0

[party_body2]
SetIndex: 34
ItemCount: 1
35,0,141,108,59,0,0

[server_list_H]
SetIndex: 35
ItemCount: 1
58,0,145,256,71,0,0

[server_list_M]
SetIndex: 36
ItemCount: 1
23,0,0,256,256,0,0

[server_list_T]
SetIndex: 37
ItemCount: 5
58,38,219,181,37,0,0
33,0,0,181,37,0,0
33,0,0,181,37,0,0
33,0,0,181,37,0,0
58,38,219,181,37,0,0

[joy_logo]
SetIndex: 38
ItemCount: 1
7,0,0,256,128,0,0

[han_logo]
SetIndex: 39
ItemCount: 1
8,0,0,256,128,0,0

[guild_Btn]
SetIndex: 40
ItemCount: 5
58,0,84,103,21,0,0
58,0,105,103,21,0,0
58,0,105,103,21,0,0
58,0,105,103,21,0,0
58,0,84,103,21,0,0

[quit_Btn]
SetIndex: 41
ItemCount: 5
58,103,84,103,21,0,0
58,103,105,103,21,0,0
58,103,105,103,21,0,0
58,103,105,103,21,0,0
58,103,84,103,21,0,0

[server_sel_Btn]
SetIndex: 42
ItemCount: 5
37,0,214,103,21,0,0
37,0,235,103,21,0,0
37,0,235,103,21,0,0
37,0,235,103,21,0,0
37,0,214,103,21,0,0

[char_sel_Btn]
SetIndex: 43
ItemCount: 5
37,103,214,103,21,0,0
37,103,235,103,21,0,0
37,103,235,103,21,0,0
37,103,235,103,21,0,0
37,103,214,103,21,0,0

[MBox_coin_BG]
SetIndex: 44
ItemCount: 1
36,0,98,102,20,0,0

[MessagePanel]
SetIndex: 45
ItemCount: 1
32,0,220,256,36,0,0

[GuideLine]
SetIndex: 46
ItemCount: 1
28,136,174,3,12,0,0

[chat_left]
SetIndex: 47
ItemCount: 1
32,0,193,17,24,0,0

[chat_center]
SetIndex: 48
ItemCount: 1
32,0,168,209,24,0,0

[chat_right]
SetIndex: 49
ItemCount: 1
32,210,168,17,24,0,0

[partychat_cancelBtn]
SetIndex: 50
ItemCount: 5
35,184,24,24,24,0,0
35,208,24,24,24,0,0
35,208,24,24,24,0,0
35,232,24,24,24,0,0
35,232,24,24,24,0,0

[whisperchat_cancelBtn]
SetIndex: 51
ItemCount: 5
35,172,111,27,25,0,0
35,200,111,27,25,0,0
35,200,111,27,25,0,0
35,228,111,27,25,0,0
35,228,111,27,25,0,0

[PK_button]
SetIndex: 52
ItemCount: 5
35,184,136,24,24,0,0
35,208,136,24,24,0,0
35,208,136,24,24,0,0
35,232,136,24,24,0,0
35,232,136,24,24,0,0

[NameView_button]
SetIndex: 53
ItemCount: 5
35,184,160,24,24,0,0
35,208,160,24,24,0,0
35,208,160,24,24,0,0
35,232,160,24,24,0,0
35,232,160,24,24,0,0

[camera_button]
SetIndex: 54
ItemCount: 5
35,184,184,24,24,0,0
35,208,184,24,24,0,0
35,208,184,24,24,0,0
35,232,184,24,24,0,0
35,232,184,24,24,0,0

[guildchat_cancelbutton]
SetIndex: 55
ItemCount: 5
35,184,208,24,24,0,0
35,208,208,24,24,0,0
35,208,208,24,24,0,0
35,232,208,24,24,0,0
35,232,208,24,24,0,0

[AutoTarget_button]
SetIndex: 56
ItemCount: 5
35,184,232,24,24,0,0
35,208,232,24,24,0,0
35,208,232,24,24,0,0
35,232,232,24,24,0,0
35,232,232,24,24,0,0

[autotrade_title]
SetIndex: 57
ItemCount: 1
9,8,0,226,256,0,0

[autotrade_bg]
SetIndex: 58
ItemCount: 1
10,8,0,226,163,0,0

[AutoTrade_button]
SetIndex: 59
ItemCount: 5
10,0,163,24,24,0,0
10,24,163,24,24,0,0
10,24,163,24,24,0,0
10,48,163,24,24,0,0
10,48,163,24,24,0,0

[party_body3]
SetIndex: 60
ItemCount: 1
35,0,76,108,64,0,0

[MBox_edit_BG]
SetIndex: 61
ItemCount: 1
36,0,118,212,26,0,0

[New_Title_BG]
SetIndex: 62
ItemCount: 1
11,0,0,1024,512,0,0

[N_hp_progress_TR]
SetIndex: 63
ItemCount: 2
26,174,0,82,72,0,0
26,174,0,4,4,0,0

[N_mp_progress_TR]
SetIndex: 64
ItemCount: 2
26,174,174,82,72,0,0
26,174,0,4,4,0,0

[Flag_Kingdom]
SetIndex: 65
ItemCount: 37
101,0,0,64,128,0,0
102,0,0,64,128,0,0
103,0,0,64,128,0,0
104,0,0,64,128,0,0
105,0,0,64,128,0,0
105,0,0,64,128,0,0
107,0,0,64,128,0,0
108,0,0,64,128,0,0
152,0,0,64,128,0,0
153,0,0,64,128,0,0
154,0,0,64,128,0,0
155,0,0,64,128,0,0
156,0,0,64,128,0,0
157,0,0,64,128,0,0
158,0,0,64,128,0,0
159,0,0,64,128,0,0
160,0,0,64,128,0,0
161,0,0,64,128,0,0
162,0,0,64,128,0,0
163,0,0,64,128,0,0
164,0,0,64,128,0,0
165,0,0,64,128,0,0
166,0,0,64,128,0,0
167,0,0,64,128,0,0
168,0,0,64,128,0,0
169,0,0,64,128,0,0
170,0,0,64,128,0,0
171,0,0,64,128,0,0
172,0,0,64,128,0,0
173,0,0,64,128,0,0
246,0,0,1,1,0,0
246,0,0,64,128,0,0
247,0,0,64,128,0,0
248,0,0,64,128,0,0
259,0,0,64,128,0,0
260,0,0,64,128,0,0
261,0,0,64,128,0,0

[Challenge_Btn]
SetIndex: 66
ItemCount: 5
12,0,0,103,21,0,0
12,0,21,103,21,0,0
12,0,21,103,21,0,0
12,0,21,103,21,0,0
12,0,0,103,21,0,0

[5_5_Btn]
SetIndex: 67
ItemCount: 5
12,103,0,103,21,0,0
12,103,21,103,21,0,0
12,103,21,103,21,0,0
12,103,21,103,21,0,0
12,103,0,103,21,0,0

[10_10_Btn]
SetIndex: 68
ItemCount: 5
12,0,42,103,21,0,0
12,0,63,103,21,0,0
12,0,63,103,21,0,0
12,0,63,103,21,0,0
12,0,42,103,21,0,0

[All_All_Btn]
SetIndex: 69
ItemCount: 5
12,103,42,103,21,0,0
12,103,63,103,21,0,0
12,103,63,103,21,0,0
12,103,63,103,21,0,0
12,103,42,103,21,0,0


[login_box]
SetIndex: 70
ItemCount: 1
20,0,0,227,130,0,0

[login_btn]
SetIndex: 71
ItemCount: 5
20,0,130,216,55,0,0
20,0,185,216,55,0,0
20,0,185,216,55,0,0
21,0,201,216,55,0,0
21,0,201,216,55,0,0

[newaccount_btn]
SetIndex: 72
ItemCount: 5
21,0,17,109,50,0,0
21,0,84,109,50,0,0
21,0,84,109,50,0,0
21,0,151,109,50,0,0
21,0,151,109,50,0,0

[quit_btn]
SetIndex: 73
ItemCount: 5
21,109,17,109,50,0,0
21,109,84,109,50,0,0
21,109,84,109,50,0,0
21,109,151,109,50,0,0
21,109,151,109,50,0,0

[N_under_left]
SetIndex: 74
ItemCount: 1
30,166,0,90,256,0,0

[N_under_left2]
SetIndex: 75
ItemCount: 1
27,166,0,90,144,0,0

[N_under_right2]
SetIndex: 76
ItemCount: 1
29,166,0,90,144,0,0

[N_under_right]
SetIndex: 77
ItemCount: 1
31,166,0,90,256,0,0

[N_under_left_cover]
SetIndex: 78
ItemCount: 1
27,136,198,120,57,0,0

[N_under_right_cover]
SetIndex: 79
ItemCount: 1
29,136,198,120,57,0,0

[N_hp_progress]
SetIndex: 80
ItemCount: 2
26,174,0,82,72,0,0
26,174,0,4,4,0,0

[N_mp_progress]
SetIndex: 81
ItemCount: 2
26,174,174,82,72,0,0
26,174,0,4,4,0,0

[N_equip_BG1]
SetIndex: 82
ItemCount: 1
28,0,0,135,256,0,0

[N_equip_BG2]
SetIndex: 83
ItemCount: 1
29,0,0,135,256,0,0

[N_equip_BG3]
SetIndex: 84
ItemCount: 1
30,0,0,135,256,0,0

[N_equip_BG4]
SetIndex: 85
ItemCount: 1
31,0,0,135,256,0,0

[N_minimapC]
SetIndex: 86
ItemCount: 1
33,128,128,128,128,0,0

[N_inv_right2]
SetIndex: 88
ItemCount: 1
28,134,0,41,66,0,0

[N_inv_left2]
SetIndex: 89
ItemCount: 1
28,175,0,41,66,0,0

[N_inv_set1]
SetIndex: 90
ItemCount: 5
28,83,131,24,24,0,0
28,83,131,24,24,0,0
28,83,131,24,24,0,0
28,134,102,24,24,0,0
28,83,131,24,24,0,0

[N_inv_set2]
SetIndex: 91
ItemCount: 5
29,31,131,24,24,0,0
29,31,131,24,24,0,0
29,31,131,24,24,0,0
28,134,125,24,24,0,0
29,31,131,24,24,0,0

[N_MiniBar_btn]
SetIndex: 92
ItemCount: 5
24,135,0,58,49,0,0
24,135,49,58,49,0,0
24,135,49,58,49,0,0
24,135,98,58,49,0,0
24,135,98,58,49,0,0

[N_mini_btn_list]
SetIndex: 93
ItemCount: 1
33,0,0,252,66,0,0

[N_char_button]
SetIndex: 94
ItemCount: 5
33,0,69,24,24,0,0
33,24,69,24,24,0,0
33,24,69,24,24,0,0
33,48,69,24,24,0,0
33,48,69,24,24,0,0


[N_equip_button]
SetIndex: 95
ItemCount: 5
33,0,93,24,24,0,0
33,24,93,24,24,0,0
33,24,93,24,24,0,0
33,48,93,24,24,0,0
33,48,93,24,24,0,0

[N_skill_button]
SetIndex: 96
ItemCount: 5
33,0,117,24,24,0,0
33,24,117,24,24,0,0
33,24,117,24,24,0,0
33,48,117,24,24,0,0
33,48,117,24,24,0,0

[N_minimap_button]
SetIndex: 97
ItemCount: 5
33,0,141,24,24,0,0
33,24,141,24,24,0,0
33,24,141,24,24,0,0
33,48,141,24,24,0,0
33,48,141,24,24,0,0

[N_party_button]
SetIndex: 98
ItemCount: 5
33,0,165,24,24,0,0
33,24,165,24,24,0,0
33,24,165,24,24,0,0
33,48,165,24,24,0,0
33,48,165,24,24,0,0

[N_system_button]
SetIndex: 99
ItemCount: 5
33,0,189,24,24,0,0
33,24,189,24,24,0,0
33,24,189,24,24,0,0
33,48,189,24,24,0,0
33,48,189,24,24,0,0

[N_char_BG1]
SetIndex: 100
ItemCount: 1
24,0,0,135,256,0,0

[N_char_BG2]
SetIndex: 101
ItemCount: 1
25,0,0,135,256,0,0

[N_char_BG3]
SetIndex: 102
ItemCount: 1
26,0,0,135,256,0,0

[N_char_BG4]
SetIndex: 103
ItemCount: 1
27,0,0,136,256,0,0

[N_close_btn]
SetIndex: 104
ItemCount: 5
28,217,0,24,24,0,0
28,217,24,24,24,0,0
28,217,24,24,24,0,0
28,217,48,24,24,0,0
28,217,48,24,24,0,0

[N_money_btn]
SetIndex: 105
ItemCount: 5
28,135,65,18,18,0,0
28,153,65,18,18,0,0
28,153,65,18,18,0,0
28,171,65,18,18,0,0
28,171,65,18,18,0,0

[money_text]
SetIndex: 106
ItemCount: 1
28,135,84,74,18,0,0

[HPotion]
SetIndex: 107
ItemCount: 5
30,134,0,30,30,0,0
30,134,90,30,30,0,0
30,134,90,30,30,0,0
30,134,90,30,30,0,0
30,134,0,30,30,0,0

[MPotion]
SetIndex: 108
ItemCount: 5
30,134,30,30,30,0,0
30,134,120,30,30,0,0
30,134,120,30,30,0,0
30,134,120,30,30,0,0
30,134,30,30,30,0,0

[PPotion]
SetIndex: 109
ItemCount: 5
30,134,60,30,30,0,0
30,134,150,30,30,0,0
30,134,150,30,30,0,0
30,134,150,30,30,0,0
30,134,60,30,30,0,0

[N_title_1]
SetIndex: 110
ItemCount: 1
41,0,0,256,256,0,0

[N_title_2]
SetIndex: 111
ItemCount: 1
42,0,0,256,256,0,0

[N_title_3]
SetIndex: 112
ItemCount: 1
43,0,0,256,256,0,0

[N_title_4]
SetIndex: 113
ItemCount: 1
44,0,0,256,256,0,0

[N_title_5]
SetIndex: 114
ItemCount: 1
45,0,0,256,256,0,0

[N_title_6]
SetIndex: 115
ItemCount: 1
46,0,0,256,256,0,0

[N_grid_cover]
SetIndex: 116
ItemCount: 126
32,0,0,24,24,0,0
32,24,0,24,24,0,0
32,48,0,24,24,0,0
32,72,0,24,24,0,0
32,96,0,24,24,0,0
32,120,0,24,24,0,0
32,144,0,24,24,0,0
32,168,0,24,24,0,0
32,192,0,24,24,0,0
32,0,24,24,24,0,0
32,24,24,24,24,0,0
32,48,24,24,24,0,0
32,72,24,24,24,0,0
32,96,24,24,24,0,0
32,120,24,24,24,0,0
32,144,24,24,24,0,0
32,168,24,24,24,0,0
32,192,24,24,24,0,0
32,0,48,24,24,0,0
32,24,48,24,24,0,0
32,48,48,24,24,0,0
32,72,48,24,24,0,0
32,96,48,24,24,0,0
32,120,48,24,24,0,0
32,144,48,24,24,0,0
32,168,48,24,24,0,0
32,192,48,24,24,0,0
32,0,72,24,24,0,0
32,24,72,24,24,0,0
32,48,72,24,24,0,0
32,72,72,24,24,0,0
32,96,72,24,24,0,0
32,120,72,24,24,0,0
32,144,72,24,24,0,0
32,168,72,24,24,0,0
32,192,72,24,24,0,0
32,0,48,24,24,0,0
32,24,96,24,24,0,0
32,48,96,24,24,0,0
32,72,96,24,24,0,0
32,96,96,24,24,0,0
32,120,96,24,24,0,0
32,144,96,24,24,0,0
32,168,96,24,24,0,0
32,192,96,24,24,0,0
32,0,120,24,24,0,0
32,24,120,24,24,0,0
32,48,120,24,24,0,0
32,72,120,24,24,0,0
32,96,120,24,24,0,0
32,120,120,24,24,0,0
32,144,120,24,24,0,0
32,168,120,24,24,0,0
32,192,120,24,24,0,0
32,0,144,24,24,0,0
32,24,144,24,24,0,0
32,48,144,24,24,0,0
32,72,144,24,24,0,0
32,96,144,24,24,0,0
32,120,144,24,24,0,0
32,144,144,24,24,0,0
32,168,144,24,24,0,0
32,192,144,24,24,0,0
32,0,0,24,24,0,0
32,24,0,24,24,0,0
32,48,0,24,24,0,0
32,72,0,24,24,0,0
32,96,0,24,24,0,0
32,120,0,24,24,0,0
32,144,0,24,24,0,0
32,168,0,24,24,0,0
32,192,0,24,24,0,0
32,0,24,24,24,0,0
32,24,24,24,24,0,0
32,48,24,24,24,0,0
32,72,24,24,24,0,0
32,96,24,24,24,0,0
32,120,24,24,24,0,0
32,144,24,24,24,0,0
32,168,24,24,24,0,0
32,192,24,24,24,0,0
32,0,48,24,24,0,0
32,24,48,24,24,0,0
32,48,48,24,24,0,0
32,72,48,24,24,0,0
32,96,48,24,24,0,0
32,120,48,24,24,0,0
32,144,48,24,24,0,0
32,168,48,24,24,0,0
32,192,48,24,24,0,0
32,0,72,24,24,0,0
32,24,72,24,24,0,0
32,48,72,24,24,0,0
32,72,72,24,24,0,0
32,96,72,24,24,0,0
32,120,72,24,24,0,0
32,144,72,24,24,0,0
32,168,72,24,24,0,0
32,192,72,24,24,0,0
32,0,48,24,24,0,0
32,24,96,24,24,0,0
32,48,96,24,24,0,0
32,72,96,24,24,0,0
32,96,96,24,24,0,0
32,120,96,24,24,0,0
32,144,96,24,24,0,0
32,168,96,24,24,0,0
32,192,96,24,24,0,0
32,0,120,24,24,0,0
32,24,120,24,24,0,0
32,48,120,24,24,0,0
32,72,120,24,24,0,0
32,96,120,24,24,0,0
32,120,120,24,24,0,0
32,144,120,24,24,0,0
32,168,120,24,24,0,0
32,192,120,24,24,0,0
32,0,144,24,24,0,0
32,24,144,24,24,0,0
32,48,144,24,24,0,0
32,72,144,24,24,0,0
32,96,144,24,24,0,0
32,120,144,24,24,0,0
32,144,144,24,24,0,0
32,168,144,24,24,0,0
32,192,144,24,24,0,0

[stat_btn]
SetIndex: 117
ItemCount: 5
24,244,12,12,12,0,0
24,244,12,12,12,0,0
24,244,0,12,12,0,0
24,244,0,12,12,0,0
24,244,12,12,12,0,0

[exp_progress]
SetIndex: 118
ItemCount: 5
28,135,150,105,4,0,0
26,174,0,4,4,0,0
28,135,156,105,4,0,0
28,135,162,105,4,0,0
28,135,168,105,4,0,0

[grid_cover]
SetIndex: 119
ItemCount: 1
32,0,0,216,144,0,0

[N_Select_char_t]
SetIndex: 120
ItemCount: 1
52,0,105,256,50,0,0

[N_Select_NewChar]
SetIndex: 121
ItemCount: 5
57,0,0,240,56,0,0
57,0,56,240,56,0,0
57,0,56,240,56,0,0
57,0,112,240,56,0,0
57,0,168,240,56,0,0

[N_Select_char_bg1]
SetIndex: 122
ItemCount: 1
53,0,0,125,237,0,0

[N_Select_char_bg2]
SetIndex: 123
ItemCount: 1
54,0,0,237,237,0,0

[N_Select_Delete]
SetIndex: 124
ItemCount: 5
55,0,120,100,40,0,0
55,0,40,100,40,0,0
55,0,40,100,40,0,0
55,0,80,100,40,0,0
55,0,0,100,40,0,0

[N_Select_Enter]
SetIndex: 125
ItemCount: 5
55,100,120,100,40,0,0
55,100,40,100,40,0,0
55,100,40,100,40,0,0
55,100,80,100,40,0,0
55,100,0,100,40,0,0

[N_Select_Cancel]
SetIndex: 126
ItemCount: 5
55,0,200,100,40,0,0
55,100,200,100,40,0,0
55,100,200,100,40,0,0
55,0,160,100,40,0,0
55,100,160,100,40,0,0


[grid_back_upperleft]
SetIndex: 127
ItemCount: 1
30,23,3,112,24,0,0

[grid_back_upperright]
SetIndex: 128
ItemCount: 1
31,0,3,110,24,0,0


[N_Create_char_t]
SetIndex: 130
ItemCount: 1
51,0,100,256,48,0,0

[N_Create_char_ubg1]
SetIndex: 131
ItemCount: 1
52,0,0,256,83,0,0

[N_Create_char_ubg2]
SetIndex: 132
ItemCount: 1
51,0,0,144,83,0,0

[N_Create_char_ubg3]
SetIndex: 133
ItemCount: 1
51,0,172,144,83,0,0

[N_Create_char_ubg4]
SetIndex: 134
ItemCount: 1
52,0,172,256,83,0,0

[N_Create_char_bg1]
SetIndex: 135
ItemCount: 1
53,130,0,126,230,0,0

[N_Create_char_bg2]
SetIndex: 136
ItemCount: 1
56,0,0,238,230,0,0

[Green_Number]
SetIndex: 137
ItemCount: 16
115,0,0,26,29,0,0
115,27,0,14,29,0,0
115,41,0,23,29,0,0
115,64,0,21,29,0,0
115,85,0,22,29,0,0
115,107,0,20,29,0,0
115,127,0,22,29,0,0
115,150,0,21,29,0,0
115,171,0,23,29,0,0
115,194,0,24,29,0,0
115,218,1,24,28,0,0
115,0,144,83,30,0,0
115,83,144,19,30,0,0
115,101,144,16,30,0,0
115,242,1,12,30,0,0
115,216,144,40,30,0,0

[Blue_Number]
SetIndex: 138
ItemCount: 12
115,0,30,26,30,0,0
115,27,30,14,29,0,0
115,41,30,23,29,0,0
115,64,30,21,29,0,0
115,85,30,22,29,0,0
115,107,30,20,29,0,0
115,127,30,22,29,0,0
115,150,30,21,29,0,0
115,171,30,23,29,0,0
115,194,30,24,29,0,0
115,218,30,24,29,0,0
115,242,30,12,30,0,0

[Yellow_Number]
SetIndex: 139
ItemCount: 12
115,0,60,26,29,0,0
115,27,60,14,29,0,0
115,41,60,23,29,0,0
115,64,60,21,29,0,0
115,85,60,22,29,0,0
115,107,60,20,29,0,0 
115,127,60,22,29,0,0
115,150,60,21,29,0,0
115,171,60,23,29,0,0
115,194,60,24,29,0,0
115,218,60,24,29,0,0
115,242,60,12,30,0,0

[Red_Number]
SetIndex: 140
ItemCount: 13
115,0,90,26,54,0,0
115,27,90,14,54,0,0
115,41,90,23,54,0,0
115,64,90,21,54,0,0
115,85,90,22,54,0,0
115,107,90,20,54,0,0
115,127,90,22,54,0,0
115,150,90,21,54,0,0
115,171,90,23,54,0,0
115,194,90,24,54,0,0
115,218,90,24,54,0,0
115,117,143,100,31,0,0
115,242,90,12,30,0,0

[Orange_Number]
SetIndex: 141
ItemCount: 12
115,133,216,36,40,0,0
115,0,175,26,42,0,0
115,26,175,35,42,0,0
115,61,175,30,42,0,0
115,91,175,36,42,0,0
115,127,176,35,41,0,0
115,0,216,31,40,0,0
115,31,216,31,40,0,0
115,62,216,32,40,0,0
115,95,216,35,40,0,0
115,168,175,29,40,0,0
115,168,216,29,39,0,0

[Age_Mark]
SetIndex: 142
ItemCount: 1
115,198,198,59,59,0,0

[pgt_GDrop_Btn]
SetIndex: 143
ItemCount: 5
12,0,84,103,21,0,0
12,0,105,103,21,0,0
12,0,105,103,21,0,0
12,0,105,103,21,0,0
12,0,84,103,21,0,0

[pgt_Gwar_Btn]
SetIndex: 144
ItemCount: 5
12,103,84,103,21,0,0
12,103,105,103,21,0,0
12,103,105,103,21,0,0
12,103,105,103,21,0,0
12,103,84,103,21,0,0

[pgt_GCall_Btn]
SetIndex: 145
ItemCount: 5
12,0,126,103,21,0,0
12,0,147,103,21,0,0
12,0,147,103,21,0,0
12,0,147,103,21,0,0
12,0,126,103,21,0,0

[N_HRun_button]
SetIndex: 146
ItemCount: 5
33,0,45,24,24,0,0
33,24,45,24,24,0,0
33,24,45,24,24,0,0
33,48,45,24,24,0,0
33,72,45,24,24,0,0

[N_guild_button]
SetIndex: 147
ItemCount: 5
33,0,213,24,24,0,0
33,24,213,24,24,0,0
33,24,213,24,24,0,0
33,48,213,24,24,0,0
33,48,213,24,24,0,0

[ItemMix_title]
SetIndex: 148
ItemCount: 1
14,0,0,234,256,0,0

[ItemMix_bg]
SetIndex: 149
ItemCount: 1
15,0,0,234,163,0,0

[ItemMix_button]
SetIndex: 150
ItemCount: 5
15,0,163,24,24,0,0
15,24,163,24,24,0,0
15,24,163,24,24,0,0
15,24,163,24,24,0,0
15,0,163,24,24,0,0

[Crown]
SetIndex: 151
ItemCount: 1
0,0,32,32,32,0,0

[pgt_GAlly_Btn]
SetIndex: 152
ItemCount: 5
12,103,126,103,21,0,0
12,103,147,103,21,0,0
12,103,147,103,21,0,0
12,103,147,103,21,0,0
12,103,126,103,21,0,0

[Memo]
SetIndex: 153
ItemCount: 5
0,32,38,32,23,0,0
0,64,38,32,23,0,0
0,64,38,32,23,0,0
0,32,38,32,23,0,0
0,32,38,32,23,0,0

[alert]
SetIndex: 154
ItemCount: 5
0,96,38,32,23,0,0
0,128,38,32,23,0,0
0,128,38,32,23,0,0
0,96,38,32,23,0,0
0,96,38,32,23,0,0

[alert]
SetIndex: 155
ItemCount: 5
0,160,38,32,23,0,0
0,192,38,32,23,0,0
0,192,38,32,23,0,0
0,160,38,32,23,0,0
0,160,38,32,23,0,0

[summon]
SetIndex: 156
ItemCount: 5
1,44,88,22,22,0,0
2,44,88,22,22,0,0
2,44,88,22,22,0,0
1,44,88,22,22,0,0
1,44,88,22,22,0,0

[Help_button]
SetIndex: 157
ItemCount: 5
33,72,165,24,24,0,0
33,96,165,24,24,0,0
33,96,165,24,24,0,0
33,120,165,24,24,0,0
33,120,165,24,24,0,0

[Quest_button]
SetIndex: 158
ItemCount: 5
33,72,189,24,24,0,0
33,96,189,24,24,0,0
33,96,189,24,24,0,0
33,120,189,24,24,0,0
33,120,189,24,24,0,0


[AutoRun_button]
SetIndex: 159
ItemCount: 5
33,72,213,24,24,0,0
33,96,213,24,24,0,0
33,96,213,24,24,0,0
33,120,213,24,24,0,0
33,120,213,24,24,0,0

[ShortSkill1_button]
SetIndex: 160
ItemCount: 5
33,96,45,26,21,0,0
33,96,45,26,21,0,0
33,96,45,26,21,0,0
33,147,45,26,21,0,0
33,96,45,26,21,0,0

[ShortSkill2_button]
SetIndex: 161
ItemCount: 5
33,121,45,26,21,0,0
33,121,45,26,21,0,0
33,121,45,26,21,0,0
33,173,45,26,21,0,0
33,121,45,26,21,0,0

[login_box2]
SetIndex: 162
ItemCount: 1
125,0,0,215,153,0,0

[sel_server2]
SetIndex: 163
ItemCount: 1
126,0,0,143,26,0,0

[MessageBox_BG2]
SetIndex: 164
ItemCount: 1
127,0,0,232,107,0,0

[MessageBox_Btn2]
SetIndex: 165
ItemCount: 1
127,0,107,86,21,0,0

[serverlist_panel2]
SetIndex: 166
ItemCount: 1
126,0,49,143,26,0,0

[channellist_panel1_2]
SetIndex: 167
ItemCount: 1
126,143,0,18,26,0,0

[channellist_panel2_2]
SetIndex: 168
ItemCount: 1
126,161,0,78,26,0,0

[channellist_panel3_2]
SetIndex: 169
ItemCount: 1
126,239,0,18,26,0,0

[serverlist_panel_blank_2]
SetIndex: 170
ItemCount: 1
126,0,78,143,10,0,0

[serverlist_panel_btn_2]
SetIndex: 171
ItemCount: 1
126,0,88,143,39,0,0

[channellist_panel4_2]
SetIndex: 172
ItemCount: 1
126,143,27,18,26,0,0

[channellist_panel5_2]
SetIndex: 173
ItemCount: 1
126,161,27,78,26,0,0

[channellist_panel6_2]
SetIndex: 174
ItemCount: 1
126,239,27,18,26,0,0

[channellist_panel7_2]
SetIndex: 175
ItemCount: 1
126,143,88,18,39,0,0

[channellist_panel8_2]
SetIndex: 176
ItemCount: 1
126,161,88,78,39,0,0

[channellist_panel9_2]
SetIndex: 177
ItemCount: 1
126,239,88,18,39,0,0

[MessagePanel2]
SetIndex: 178
ItemCount: 1
125,11,176,222,24,0,0

[N_Create_char_bg_2]
SetIndex: 179
ItemCount: 1
128,0,0,249,370,0,0

[sel_char_Btn2]
SetIndex: 180
ItemCount: 1
125,0,153,112,22,0,0

[new_char_panel2]
SetIndex: 181
ItemCount: 1
129,0,0,250,393,0,0

[new_char_stat_bar2]
SetIndex: 182
ItemCount: 1
129,0,392,255,11,0,0

[notice_bg1]
SetIndex: 183
ItemCount: 1
130,0,0,60,39,0,0

[notice_bg2]
SetIndex: 184
ItemCount: 1
130,60,0,125,39,0,0

[notice_bg3]
SetIndex: 185
ItemCount: 1
130,185,0,60,39,0,0

[notice_bg4]
SetIndex: 186
ItemCount: 1
130,0,39,60,28,0,0

[notice_bg5]
SetIndex: 187
ItemCount: 1
130,60,39,125,28,0,0

[notice_bg6]
SetIndex: 188
ItemCount: 1
130,185,39,60,28,0,0

[notice_bg7]
SetIndex: 189
ItemCount: 1
130,0,67,60,30,0,0

[notice_bg8]
SetIndex: 190
ItemCount: 1
130,60,67,125,30,0,0

[notice_bg9]
SetIndex: 191
ItemCount: 1
130,185,67,60,30,0,0

[notice_btn2]
SetIndex: 192
ItemCount: 1
130,137,140,70,22,0,0

[notice_scroll_up2]
SetIndex: 193
ItemCount: 1
130,245,16,10,17,0,0

[notice_scroll_down2]
SetIndex: 194
ItemCount: 1
130,245,92,10,17,0,0

[notice_scroll_bar2]
SetIndex: 195
ItemCount: 1
130,248,0,7,15,0,0

[notice_scroll2]
SetIndex: 196
ItemCount: 1
130,245,32,10,60,0,0

[chat_min2]
SetIndex: 197
ItemCount: 3
130,245,108,10,21,0,0
130,245,108,10,21,0,0
130,245,108,10,21,0,0

[chat_sel2]
SetIndex: 198
ItemCount: 5
130,137,97,47,21,0,0
130,137,97,47,21,0,0
130,137,97,47,21,0,0
130,137,119,47,21,0,0


[NewAmulet]
SetIndex: 199
ItemCount: 105
131,0,0,32,32,0,0
131,32,0,32,32,0,0
131,64,0,32,32,0,0
131,96,0,32,32,0,0
131,128,0,32,32,0,0
131,160,0,32,32,0,0
131,192,0,32,32,0,0
131,224,0,32,32,0,0
131,256,0,32,32,0,0
131,288,0,32,32,0,0
131,320,0,32,32,0,0
131,352,0,32,32,0,0
131,384,0,32,32,0,0
131,416,0,32,32,0,0
131,448,0,32,32,0,0
131,480,0,32,32,0,0
131,0,32,32,32,0,0
131,32,32,32,32,0,0
131,64,32,32,32,0,0
131,96,32,32,32,0,0
131,128,32,32,32,0,0
131,160,32,32,32,0,0
131,192,32,32,32,0,0
131,224,32,32,32,0,0
131,256,32,32,32,0,0
131,288,32,32,32,0,0
131,320,32,32,32,0,0
131,352,32,32,32,0,0
131,384,32,32,32,0,0
131,416,32,32,32,0,0
131,448,32,32,32,0,0
131,480,32,32,32,0,0
131,0,64,32,32,0,0
131,32,64,32,32,0,0
131,64,64,32,32,0,0
131,96,64,32,32,0,0
131,128,64,32,32,0,0
131,160,64,32,32,0,0
131,192,64,32,32,0,0
131,224,64,32,32,0,0
131,256,64,32,32,0,0
131,288,64,32,32,0,0
131,320,64,32,32,0,0
131,352,64,32,32,0,0
131,384,64,32,32,0,0
131,416,64,32,32,0,0
131,448,64,32,32,0,0
131,480,64,32,32,0,0
131,0,96,32,32,0,0
131,32,96,32,32,0,0
131,64,96,32,32,0,0
131,96,96,32,32,0,0
131,128,96,32,32,0,0
131,160,96,32,32,0,0
131,192,96,32,32,0,0
131,224,96,32,32,0,0
131,256,96,32,32,0,0
131,288,96,32,32,0,0
131,320,96,32,32,0,0
131,352,96,32,32,0,0
131,384,96,32,32,0,0
131,416,96,32,32,0,0
131,448,96,32,32,0,0
131,480,96,32,32,0,0
131,0,128,32,32,0,0
131,32,128,32,32,0,0
131,64,128,32,32,0,0
131,96,128,32,32,0,0
131,128,128,32,32,0,0
131,160,128,32,32,0,0
131,192,128,32,32,0,0
131,224,128,32,32,0,0
131,256,128,32,32,0,0
131,288,128,32,32,0,0
131,320,128,32,32,0,0
131,352,128,32,32,0,0
131,384,128,32,32,0,0
131,416,128,32,32,0,0
131,448,128,32,32,0,0
131,480,128,32,32,0,0
131,0,160,32,32,0,0
131,32,160,32,32,0,0
131,64,160,32,32,0,0
131,96,160,32,32,0,0
131,128,160,32,32,0,0
131,160,160,32,32,0,0
131,192,160,32,32,0,0
131,224,160,32,32,0,0
131,256,160,32,32,0,0
131,288,160,32,32,0,0
131,320,160,32,32,0,0
131,352,160,32,32,0,0
131,384,160,32,32,0,0
131,416,160,32,32,0,0
131,448,160,32,32,0,0
131,480,160,32,32,0,0
131,0,192,32,32,0,0
131,32,192,32,32,0,0
131,64,192,32,32,0,0
131,96,192,32,32,0,0
131,128,192,32,32,0,0
131,160,192,32,32,0,0
131,192,192,32,32,0,0
131,224,192,32,32,0,0
131,256,192,32,32,0,0

[NewAmulet_sel]
SetIndex: 200
ItemCount: 128
132,0,0,32,32,0,0
132,32,0,32,32,0,0
132,64,0,32,32,0,0
132,96,0,32,32,0,0
132,128,0,32,32,0,0
132,160,0,32,32,0,0
132,192,0,32,32,0,0
132,224,0,32,32,0,0
132,256,0,32,32,0,0
132,288,0,32,32,0,0
132,320,0,32,32,0,0
132,352,0,32,32,0,0
132,384,0,32,32,0,0
132,416,0,32,32,0,0
132,448,0,32,32,0,0
132,480,0,32,32,0,0
132,0,32,32,32,0,0
132,32,32,32,32,0,0
132,64,32,32,32,0,0
132,96,32,32,32,0,0
132,128,32,32,32,0,0
132,160,32,32,32,0,0
132,192,32,32,32,0,0
132,224,32,32,32,0,0
132,256,32,32,32,0,0
132,288,32,32,32,0,0
132,320,32,32,32,0,0
132,352,32,32,32,0,0
132,384,32,32,32,0,0
132,416,32,32,32,0,0
132,448,32,32,32,0,0
132,480,32,32,32,0,0
132,0,64,32,32,0,0
132,32,64,32,32,0,0
132,64,64,32,32,0,0
132,96,64,32,32,0,0
132,128,64,32,32,0,0
132,160,64,32,32,0,0
132,192,64,32,32,0,0
132,224,64,32,32,0,0
132,256,64,32,32,0,0
132,288,64,32,32,0,0
132,320,64,32,32,0,0
132,352,64,32,32,0,0
132,384,64,32,32,0,0
132,416,64,32,32,0,0
132,448,64,32,32,0,0
132,480,64,32,32,0,0
132,0,96,32,32,0,0
132,32,96,32,32,0,0
132,64,96,32,32,0,0
132,96,96,32,32,0,0
132,128,96,32,32,0,0
132,160,96,32,32,0,0
132,192,96,32,32,0,0
132,224,96,32,32,0,0
132,256,96,32,32,0,0
132,288,96,32,32,0,0
132,320,96,32,32,0,0
132,352,96,32,32,0,0
132,384,96,32,32,0,0
132,416,96,32,32,0,0
132,448,96,32,32,0,0
132,480,96,32,32,0,0
132,0,128,32,32,0,0
132,32,128,32,32,0,0
132,64,128,32,32,0,0
132,96,128,32,32,0,0
132,128,128,32,32,0,0
132,160,128,32,32,0,0
132,192,128,32,32,0,0
132,224,128,32,32,0,0
132,256,128,32,32,0,0
132,288,128,32,32,0,0
132,320,128,32,32,0,0
132,352,128,32,32,0,0
132,384,128,32,32,0,0
132,416,128,32,32,0,0
132,448,128,32,32,0,0
132,480,128,32,32,0,0
132,0,160,32,32,0,0
132,32,160,32,32,0,0
132,64,160,32,32,0,0
132,96,160,32,32,0,0
132,128,160,32,32,0,0
132,160,160,32,32,0,0
132,192,160,32,32,0,0
132,224,160,32,32,0,0
132,256,160,32,32,0,0
132,288,160,32,32,0,0
132,320,160,32,32,0,0
132,352,160,32,32,0,0
132,384,160,32,32,0,0
132,416,160,32,32,0,0
132,448,160,32,32,0,0
132,480,160,32,32,0,0
132,0,192,32,32,0,0
132,32,192,32,32,0,0
132,64,192,32,32,0,0
132,96,192,32,32,0,0
132,128,192,32,32,0,0
132,160,192,32,32,0,0
132,192,192,32,32,0,0
132,224,192,32,32,0,0
132,256,192,32,32,0,0
132,288,192,32,32,0,0
132,320,192,32,32,0,0
132,352,192,32,32,0,0
132,384,192,32,32,0,0
132,416,192,32,32,0,0
132,448,192,32,32,0,0
132,480,192,32,32,0,0
132,0,224,32,32,0,0
132,32,224,32,32,0,0
132,64,224,32,32,0,0
132,96,224,32,32,0,0
132,128,224,32,32,0,0
132,160,224,32,32,0,0
132,192,224,32,32,0,0
132,224,224,32,32,0,0
132,256,224,32,32,0,0
132,288,224,32,32,0,0
132,320,224,32,32,0,0
132,352,224,32,32,0,0
132,384,224,32,32,0,0
132,416,224,32,32,0,0
132,448,224,32,32,0,0
132,480,224,32,32,0,0

[minimap_bg2]
SetIndex: 201
ItemCount: 1
130,0,96,137,137,0,0

[minimap_bg21]
SetIndex: 202
ItemCount: 1
130,0,96,8,8,0,0

[minimap_bg22]
SetIndex: 203
ItemCount: 1
130,8,96,121,8,0,0

[minimap_bg23]
SetIndex: 204
ItemCount: 1
130,129,96,8,8,0,0

[minimap_bg24]
SetIndex: 205
ItemCount: 1
130,0,104,8,121,0,0

[minimap_bg25]
SetIndex: 206
ItemCount: 1
130,129,104,8,121,0,0

[minimap_bg26]
SetIndex: 207
ItemCount: 1
130,0,225,8,8,0,0

[minimap_bg27]
SetIndex: 208
ItemCount: 1
130,8,225,121,8,0,0

[minimap_bg28]
SetIndex: 209
ItemCount: 1
130,129,225,8,8,0,0

[minimap_coord2]
SetIndex: 210
ItemCount: 1
130,0,233,136,23,0,0

[minimap_zoomin2]
SetIndex: 211
ItemCount: 4
130,137,163,13,13,0,0
130,137,163,13,13,0,0
130,137,163,13,13,0,0
130,137,177,13,13,0,0


[minimap_zoomout2]
SetIndex: 212
ItemCount: 4
130,151,163,13,13,0,0
130,151,163,13,13,0,0
130,151,163,13,13,0,0
130,151,177,13,13,0,0

[main_info1_bg2]
SetIndex: 213
ItemCount: 1
134,0,68,324,49,0,0

[main_exp_progress_g2]
SetIndex: 214
ItemCount: 1
134,16,68,5,7,0,0

[exp_progress2]
SetIndex: 215
ItemCount: 5
134,250,185,88,3,0,0
26,174,0,4,4,0,0
134,250,185,88,3,0,0
134,250,185,88,3,0,0
134,250,185,88,3,0,0

[main_info1_btn2]
SetIndex: 216
ItemCount: 4
134,0,117,324,10,0,0
134,0,117,324,10,0,0
134,0,117,324,10,0,0
134,0,129,324,10,0,0

[main_info2_bg2]
SetIndex: 217
ItemCount: 1
134,10,150,227,63,0,0

[hp_progress2]
SetIndex: 218
ItemCount: 5
134,250,165,128,14,0,0
26,174,0,4,4,0,0
134,250,165,128,14,0,0
134,250,165,128,14,0,0
134,250,165,128,14,0,0

[mp_progress2]
SetIndex: 219
ItemCount: 5
134,250,150,128,14,0,0
26,174,0,4,4,0,0
134,250,150,128,14,0,0
134,250,150,128,14,0,0
134,250,150,128,14,0,0

[main_info2_btn2]
SetIndex: 220
ItemCount: 4
134,0,150,10,63,0,0
134,0,150,10,63,0,0
134,0,150,10,63,0,0
134,238,150,10,63,0,0

[potion_bg2]
SetIndex: 221
ItemCount: 1
134,394,191,108,44,0,0

[potion_btn2]
SetIndex: 222
ItemCount: 4
134,502,190,10,44,0,0
134,502,190,10,44,0,0
134,502,190,10,44,0,0
134,383,190,10,44,0,0

[chat_l_bg2]
SetIndex: 223
ItemCount: 1
134,250,239,10,16,0,0

[chat_c_bg2]
SetIndex: 224
ItemCount: 1
134,260,239,236,16,0,0

[chat_r_bg2]
SetIndex: 225
ItemCount: 1
134,496,239,10,16,0,0

[party_bg2]
SetIndex: 226
ItemCount: 1
133,10,0,108,303,0,0

[party_btn2]
SetIndex: 227
ItemCount: 4
133,0,0,10,303,0,0
133,0,0,10,303,0,0
133,0,0,10,303,0,0
133,119,0,10,303,0,0

[mini_panel_bg2]
SetIndex: 228
ItemCount: 1
134,0,214,227,42,0,0

[mini_panel_btn2]
SetIndex: 229
ItemCount: 4
134,227,214,10,42,0,0
134,227,214,10,42,0,0
134,227,214,10,42,0,0
134,239,214,10,42,0,0

[skill_belt_bg2]
SetIndex: 230
ItemCount: 1
134,0,10,371,45,0,0

[skill_belt_btn2]
SetIndex: 231
ItemCount: 4
134,0,0,371,10,0,0
134,0,0,371,10,0,0
134,0,0,371,10,0,0
134,0,56,371,10,0,0

[skill_tgl1_btn2]
SetIndex: 232
ItemCount: 4
134,0,19,19,17,0,0
134,0,19,19,17,0,0
134,0,19,19,17,0,0
134,0,19,19,17,0,0

[skill_tgl2_btn2]
SetIndex: 233
ItemCount: 4
134,0,36,19,19,0,0
134,0,36,19,19,0,0
134,0,36,19,19,0,0
134,0,36,19,19,0,0

[affect_bg2]
SetIndex: 234
ItemCount: 1
133,148,0,96,226,0,0

[affect_btn2]
SetIndex: 235
ItemCount: 4
133,233,0,10,226,0,0
133,233,0,10,226,0,0
133,233,0,10,226,0,0
133,245,0,10,226,0,0

[character_bg2]
SetIndex: 236
ItemCount: 1
135,0,0,227,421,0,0

[close_btn2]
SetIndex: 237
ItemCount: 5
135,0,436,19,17,0,0
135,19,436,19,17,0,0
135,19,436,19,17,0,0
135,0,436,19,17,0,0
135,0,436,19,17,0,0

[stat_add_btn2]
SetIndex: 238
ItemCount: 4
135,0,422,13,13,0,0
135,0,422,13,13,0,0
135,0,422,13,13,0,0
135,0,422,13,13,0,0

[skill_bg2]
SetIndex: 239
ItemCount: 1
136,0,0,227,421,0,0

[inven_bg2]
SetIndex: 240
ItemCount: 1
137,0,0,227,421,0,0

[N_money_btn]
SetIndex: 241
ItemCount: 5
137,0,422,18,17,0,0
137,18,422,18,17,0,0
137,18,422,18,17,0,0
137,0,422,18,17,0,0
137,0,422,18,17,0,0

[skill_master_bg2]
SetIndex: 242
ItemCount: 1
138,0,0,227,421,0,0

[N_grid_cover]
SetIndex: 243
ItemCount: 126
139,0,0,24,24,0,0
139,24,0,24,24,0,0
139,48,0,24,24,0,0
139,72,0,24,24,0,0
139,96,0,24,24,0,0
139,120,0,24,24,0,0
139,144,0,24,24,0,0
139,168,0,24,24,0,0
139,192,0,24,24,0,0
139,0,24,24,24,0,0
139,24,24,24,24,0,0
139,48,24,24,24,0,0
139,72,24,24,24,0,0
139,96,24,24,24,0,0
139,120,24,24,24,0,0
139,144,24,24,24,0,0
139,168,24,24,24,0,0
139,192,24,24,24,0,0
139,0,48,24,24,0,0
139,24,48,24,24,0,0
139,48,48,24,24,0,0
139,72,48,24,24,0,0
139,96,48,24,24,0,0
139,120,48,24,24,0,0
139,144,48,24,24,0,0
139,168,48,24,24,0,0
139,192,48,24,24,0,0
139,0,72,24,24,0,0
139,24,72,24,24,0,0
139,48,72,24,24,0,0
139,72,72,24,24,0,0
139,96,72,24,24,0,0
139,120,72,24,24,0,0
139,144,72,24,24,0,0
139,168,72,24,24,0,0
139,192,72,24,24,0,0
139,0,48,24,24,0,0
139,24,96,24,24,0,0
139,48,96,24,24,0,0
139,72,96,24,24,0,0
139,96,96,24,24,0,0
139,120,96,24,24,0,0
139,144,96,24,24,0,0
139,168,96,24,24,0,0
139,192,96,24,24,0,0
139,0,120,24,24,0,0
139,24,120,24,24,0,0
139,48,120,24,24,0,0
139,72,120,24,24,0,0
139,96,120,24,24,0,0
139,120,120,24,24,0,0
139,144,120,24,24,0,0
139,168,120,24,24,0,0
139,192,120,24,24,0,0
139,0,144,24,24,0,0
139,24,144,24,24,0,0
139,48,144,24,24,0,0
139,72,144,24,24,0,0
139,96,144,24,24,0,0
139,120,144,24,24,0,0
139,144,144,24,24,0,0
139,168,144,24,24,0,0
139,192,144,24,24,0,0
139,0,0,24,24,0,0
139,24,0,24,24,0,0
139,48,0,24,24,0,0
139,72,0,24,24,0,0
139,96,0,24,24,0,0
139,120,0,24,24,0,0
139,144,0,24,24,0,0
139,168,0,24,24,0,0
139,192,0,24,24,0,0
139,0,24,24,24,0,0
139,24,24,24,24,0,0
139,48,24,24,24,0,0
139,72,24,24,24,0,0
139,96,24,24,24,0,0
139,120,24,24,24,0,0
139,144,24,24,24,0,0
139,168,24,24,24,0,0
139,192,24,24,24,0,0
139,0,48,24,24,0,0
139,24,48,24,24,0,0
139,48,48,24,24,0,0
139,72,48,24,24,0,0
139,96,48,24,24,0,0
139,120,48,24,24,0,0
139,144,48,24,24,0,0
139,168,48,24,24,0,0
139,192,48,24,24,0,0
139,0,72,24,24,0,0
139,24,72,24,24,0,0
139,48,72,24,24,0,0
139,72,72,24,24,0,0
139,96,72,24,24,0,0
139,120,72,24,24,0,0
139,144,72,24,24,0,0
139,168,72,24,24,0,0
139,192,72,24,24,0,0
139,0,48,24,24,0,0
139,24,96,24,24,0,0
139,48,96,24,24,0,0
139,72,96,24,24,0,0
139,96,96,24,24,0,0
139,120,96,24,24,0,0
139,144,96,24,24,0,0
139,168,96,24,24,0,0
139,192,96,24,24,0,0
139,0,120,24,24,0,0
139,24,120,24,24,0,0
139,48,120,24,24,0,0
139,72,120,24,24,0,0
139,96,120,24,24,0,0
139,120,120,24,24,0,0
139,144,120,24,24,0,0
139,168,120,24,24,0,0
139,192,120,24,24,0,0
139,0,144,24,24,0,0
139,24,144,24,24,0,0
139,48,144,24,24,0,0
139,72,144,24,24,0,0
139,96,144,24,24,0,0
139,120,144,24,24,0,0
139,144,144,24,24,0,0
139,168,144,24,24,0,0
139,192,144,24,24,0,0

[auto_trade_bg2]
SetIndex: 244
ItemCount: 1
140,0,0,262,421,0,0

[cargo_bg2]
SetIndex: 245
ItemCount: 1
142,0,0,227,421,0,0

[trade_start_btn2]
SetIndex: 246
ItemCount: 5
140,38,422,19,17,0,0
140,38,422,19,17,0,0
140,38,422,19,17,0,0
140,38,422,19,17,0,0
140,38,422,19,17,0,0

[auto_trade_msg_bg2]
SetIndex: 247
ItemCount: 1
125,113,206,143,50,0,0

[help_interface_01_bg2]
SetIndex: 248
ItemCount: 1
143,0,0,454,256,0,0

[help_interface_02_bg2]
SetIndex: 249
ItemCount: 1
144,0,0,454,256,0,0

[help_interface_03_bg2]
SetIndex: 250
ItemCount: 1
145,0,0,454,256,0,0

[mini_btn2_1]
SetIndex: 251
ItemCount: 5
139,0,170,30,30,0,0
139,0,170,30,30,0,0
139,0,170,30,30,0,0
139,0,170,30,30,0,0
139,0,170,30,30,0,0

[mini_btn2_2]
SetIndex: 252
ItemCount: 5
139,31,170,30,30,0,0
139,31,170,30,30,0,0
139,31,170,30,30,0,0
139,31,170,30,30,0,0
139,31,170,30,30,0,0

[mini_btn2_3]
SetIndex: 253
ItemCount: 5
139,62,170,30,30,0,0
139,62,170,30,30,0,0
139,62,170,30,30,0,0
139,62,170,30,30,0,0
139,62,170,30,30,0,0

[mini_btn2_4]
SetIndex: 254
ItemCount: 5
139,93,170,30,30,0,0
139,93,170,30,30,0,0
139,93,170,30,30,0,0
139,93,170,30,30,0,0
139,93,170,30,30,0,0

[mini_btn2_5]
SetIndex: 255
ItemCount: 5
139,124,170,30,30,0,0
139,124,170,30,30,0,0
139,124,170,30,30,0,0
139,124,170,30,30,0,0
139,124,170,30,30,0,0

[mini_btn2_6]
SetIndex: 256
ItemCount: 5
139,155,170,30,30,0,0
139,155,170,30,30,0,0
139,155,170,30,30,0,0
139,155,170,30,30,0,0
139,155,170,30,30,0,0

[mini_btn2_7]
SetIndex: 257
ItemCount: 5
139,186,170,30,30,0,0
139,186,170,30,30,0,0
139,186,170,30,30,0,0
139,186,170,30,30,0,0
139,186,170,30,30,0,0

[sys_menu_bg2]
SetIndex: 258
ItemCount: 1
133,0,311,197,91,0,0

[MessagePanelL2]
SetIndex: 259
ItemCount: 1
125,0,176,11,24,0,0

[MessagePanelR2]
SetIndex: 260
ItemCount: 1
125,233,176,11,24,0,0

[store_bg2]
SetIndex: 261
ItemCount: 1
141,0,0,227,421,0,0

[input_gold_bg2]
SetIndex: 262
ItemCount: 1
133,0,416,225,96,0,0

[HPotion2]
SetIndex: 263
ItemCount: 5
139,7,218,28,28,0,0
139,112,218,28,28,0,0
139,112,218,28,28,0,0
139,7,218,28,28,0,0
139,7,218,28,28,0,0

[MPotion2]
SetIndex: 264
ItemCount: 5
139,40,218,28,28,0,0
139,145,218,28,28,0,0
139,145,218,28,28,0,0
139,40,218,28,28,0,0
139,40,218,28,28,0,0

[PPotion2]
SetIndex: 265
ItemCount: 5
139,72,218,28,28,0,0
139,177,218,28,28,0,0
139,177,218,28,28,0,0
139,72,218,28,28,0,0
139,72,218,28,28,0,0

[quest_bg1]
SetIndex: 266
ItemCount: 1
146,0,0,256,256,0,0

[guild_board_btn_panel]
SetIndex: 267
ItemCount: 1
133,19,342,70,21,0,0

[combine_lv9_2]
SetIndex: 268
ItemCount: 1
148,0,0,227,421,0,0

[combine_lv9_btn_2]
SetIndex: 269
ItemCount: 1
148,0,422,79,23,0,0

[quest_bg1]
SetIndex: 270
ItemCount: 1
129,0,416,70,96,0,0

[quest_bg2]
SetIndex: 271
ItemCount: 1
129,70,416,116,96,0,0

[quest_bg3]
SetIndex: 272
ItemCount: 1
129,186,416,70,96,0,0

[trade_bg1]
SetIndex: 273
ItemCount: 1
140,263,0,227,421,0,0

[ItemMix2_title]
SetIndex: 274
ItemCount: 1
149,0,0,234,256,0,0

[ItemMix2_bg]
SetIndex: 275
ItemCount: 1
150,0,0,234,163,0,0

[combine_lv10_2]
SetIndex: 276
ItemCount: 1
151,0,0,227,421,0,0

[combine_lv10_btn_2]
SetIndex: 277
ItemCount: 1
151,0,422,79,23,0,0

[summon]
SetIndex: 278
ItemCount: 5
131,320,64,32,32,0,0
132,320,64,32,32,0,0
132,320,64,32,32,0,0
131,320,64,32,32,0,0
131,320,64,32,32,0,0

[memo]
SetIndex: 279
ItemCount: 5
131,448,224,32,32,0,0
132,448,224,32,32,0,0
132,448,224,32,32,0,0
131,448,224,32,32,0,0
131,448,224,32,32,0,0

[trade_check2]
SetIndex: 280
ItemCount: 5
140,467,211,17,17,0,0
140,55,422,17,17,0,0
140,55,422,17,17,0,0
140,38,422,17,17,0,0
140,38,422,17,17,0,0

[1_1_Btn]
SetIndex: 290
ItemCount: 5
12,0,168,103,21,0,0
12,0,189,103,21,0,0
12,0,189,103,21,0,0
12,0,189,103,21,0,0
12,0,168,103,21,0,0

[event_panel]
SetIndex: 291
ItemCount: 1
130,245,130,10,24,0,0

[server_name_panel]
SetIndex: 292
ItemCount: 1
137,0,458,136,23,0,0

[Lotto1]
SetIndex: 293
ItemCount: 1
180,0,0,234,256,0,0

[Lotto2]
SetIndex: 294
ItemCount: 1
181,0,0,234,190,0,0


[buy_lotto]
SetIndex: 295
ItemCount: 5
181,0,190,58,25,0,0
181,59,190,58,25,0,0
181,59,190,58,25,0,0
181,59,190,58,25,0,0
181,0,190,58,25,0,0

[cancel_lotto]
SetIndex: 296
ItemCount: 5
181,0,215,58,25,0,0
181,59,215,58,25,0,0
181,59,215,58,25,0,0
181,59,215,58,25,0,0
181,0,215,58,25,0,0

[new_UI_Lotto]
SetIndex: 297
ItemCount: 1
182,0,0,227,421,0,0


[combine_Convert_2]
SetIndex: 298
ItemCount: 1
183,0,0,227,421,0,0

[ItemMix3_title]
SetIndex: 299
ItemCount: 1
184,0,0,234,256,0,0

[ItemMix3_bg]
SetIndex: 300
ItemCount: 1
185,0,0,234,163,0,0

[ExpLamp_1]
SetIndex: 301
ItemCount: 2
32,218,0,20,21,0,0
32,218,21,20,21,0,0

[ExpLamp_2]
SetIndex: 302
ItemCount: 2
134,343,68,17,17,0,0
134,325,68,17,17,0,0

[Hellgate_btn_2_1]
SetIndex: 303
ItemCount: 5
194,9,61,49,97,0,0
193,0,0,49,97,0,0
193,0,0,49,97,0,0
193,0,0,49,97,0,0
194,9,61,49,97,0,0

[Hellgate_btn_2_2]
SetIndex: 304
ItemCount: 5
194,62,61,49,97,0,0
193,49,0,49,97,0,0
193,49,0,49,97,0,0
193,49,0,49,97,0,0
194,62,61,49,97,0,0

[Hellgate_1]
SetIndex: 305
ItemCount: 1
195,0,0,234,256,0,0

[Hellgate_2]
SetIndex: 306
ItemCount: 1
196,0,0,234,163,0,0

[NEW_UI_Hellgate]
SetIndex: 307
ItemCount: 1
194,0,0,227,421,0,0

[Hellgate_btn]
SetIndex: 308
ItemCount: 5
196,1,164,23,23,0,0
196,25,164,23,23,0,0
196,25,164,23,23,0,0
196,25,164,23,23,0,0
196,1,164,23,23,0,0

[Hellgate_btn_1_1]
SetIndex: 309
ItemCount: 5
195,5,79,56,105,0,0
193,1,100,56,105,0,0
193,1,100,56,105,0,0
193,1,100,56,105,0,0
193,5,79,56,105,0,0

[Hellgate_btn_1_2]
SetIndex: 310
ItemCount: 5
195,61,79,56,105,0,0
193,57,100,56,105,0,0
193,57,100,56,105,0,0
193,57,100,56,105,0,0
193,61,79,56,105,0,0

[Hellgate_btn_1_3]
SetIndex: 311
ItemCount: 5
195,116,79,56,105,0,0
193,112,100,56,105,0,0
193,112,100,56,105,0,0
193,112,100,56,105,0,0
193,116,79,56,105,0,0

[Hellgate_btn_1_4]
SetIndex: 312
ItemCount: 5
195,172,79,56,105,0,0
193,168,100,56,105,0,0
193,168,100,56,105,0,0
193,168,100,56,105,0,0
193,172,79,56,105,0,0

[Hellgate_Btn_2]
SetIndex: 313
ItemCount: 5
194,0,422,78,23,0,0
194,0,422,78,23,0,0
194,0,422,78,23,0,0
194,0,422,78,23,0,0
194,0,422,78,23,0,0

[Hellgate_btn_2_3]
SetIndex: 314
ItemCount: 5
194,115,61,49,97,0,0
193,98,0,49,97,0,0
193,98,0,49,97,0,0
193,98,0,49,97,0,0
194,115,61,49,97,0,0

[Hellgate_btn_2_4]
SetIndex: 315
ItemCount: 5
194,168,61,49,97,0,0
193,147,0,49,97,0,0
193,147,0,49,97,0,0
193,147,0,49,97,0,0
194,168,61,49,97,0,0

[GoldBug]
SetIndex: 316
ItemCount: 1
0,0,67,32,37,0,0

[auto_lotto]
SetIndex: 317
ItemCount: 5
181,118,190,78,25,0,0
181,118,215,78,25,0,0
181,118,215,78,25,0,0
181,118,215,78,25,0,0
181,118,190,78,25,0,0

[JACKPOT_1]
SetIndex: 318
ItemCount: 1
206,0,0,135,256,0,0

[NEW_UI_JACKPOT]
SetIndex: 319
ItemCount: 1
207,0,0,227,421,0,0

[JACKPOT_btn_1]
SetIndex: 320
ItemCount: 5
211,1,0,31,36,0,0
211,1,0,31,36,0,0
210,1,0,31,36,0,0
211,1,0,31,36,0,0
211,1,0,31,36,0,0

[JACKPOT_btn_2]
SetIndex: 321
ItemCount: 5
211,32,0,23,36,0,0
211,32,0,23,36,0,0
210,32,0,23,36,0,0
211,32,0,23,36,0,0
211,32,0,23,36,0,0

[JACKPOT_btn_3]
SetIndex: 322
ItemCount: 5
211,56,0,23,36,0,0
211,56,0,23,36,0,0
210,56,0,23,36,0,0
211,56,0,23,36,0,0
211,56,0,23,36,0,0

[JACKPOT_btn_4]
SetIndex: 323
ItemCount: 5
211,79,0,31,36,0,0
211,79,0,31,36,0,0
210,79,0,31,36,0,0
211,79,0,31,36,0,0
211,79,0,31,36,0,0

[JACKPOT_btn_5]
SetIndex: 324
ItemCount: 5
211,0,36,31,36,0,0
211,0,36,31,36,0,0
210,0,36,31,36,0,0
211,0,36,31,36,0,0
211,0,36,31,36,0,0

[JACKPOT_btn_6]
SetIndex: 325
ItemCount: 5
211,33,36,23,36,0,0
211,33,36,23,36,0,0
210,33,36,23,36,0,0
211,33,36,23,36,0,0
211,33,36,23,36,0,0

[JACKPOT_btn_7]
SetIndex: 326
ItemCount: 5
211,56,36,23,36,0,0
211,56,36,23,36,0,0
210,56,36,23,36,0,0
211,56,36,23,36,0,0
211,56,36,23,36,0,0

[JACKPOT_btn_8]
SetIndex: 327
ItemCount: 5
211,79,36,31,36,0,0
211,79,36,31,36,0,0
210,79,36,31,36,0,0
211,79,36,31,36,0,0
211,79,36,31,36,0,0

[JACKPOT_btn_9]
SetIndex: 328
ItemCount: 5
211,0,71,57,55,0,0
211,0,71,57,55,0,0
210,0,71,57,55,0,0
211,0,71,57,55,0,0
211,0,71,57,55,0,0

[JACKPOT_btn_10]
SetIndex: 329
ItemCount: 5
211,58,72,57,56,0,0
211,58,72,57,56,0,0
210,58,72,57,56,0,0
211,58,72,57,56,0,0
211,58,72,57,56,0,0

[JACKPOT_REELA_1]
SetIndex: 339
ItemCount: 1
208,0,0,62,62,0,0

[JACKPOT_REELA_2]
SetIndex: 338
ItemCount: 1
208,62,0,62,62,0,0

[JACKPOT_REELA_3]
SetIndex: 337
ItemCount: 1
208,124,0,62,62,0,0

[JACKPOT_REELA_4]
SetIndex: 336
ItemCount: 1
208,186,0,62,62,0,0

[JACKPOT_REELA_5]
SetIndex: 335
ItemCount: 1
208,0,62,62,62,0,0

[JACKPOT_REELA_6]
SetIndex: 334
ItemCount: 1
208,62,62,62,62,0,0

[JACKPOT_REELA_7]
SetIndex: 333
ItemCount: 1
208,124,62,62,62,0,0

[JACKPOT_REELA_8]
SetIndex: 332
ItemCount: 1
208,186,62,62,62,0,0

[JACKPOT_REELA_9]
SetIndex: 331
ItemCount: 1
208,0,124,62,62,0,0

[JACKPOT_REELA_10]
SetIndex: 330
ItemCount: 1
208,62,124,62,62,0,0


[JACKPOT_REELB_10]
SetIndex: 340
ItemCount: 1
209,62,124,62,62,0,0

[JACKPOT_REELB_9]
SetIndex: 341
ItemCount: 1
209,0,124,62,62,0,0

[JACKPOT_REELB_8]
SetIndex: 342
ItemCount: 1
209,186,62,62,62,0,0

[JACKPOT_REELB_7]
SetIndex: 343
ItemCount: 1
209,124,62,62,62,0,0

[JACKPOT_REELB_6]
SetIndex: 344
ItemCount: 1
209,62,62,62,62,0,0

[JACKPOT_REELB_5]
SetIndex: 345
ItemCount: 1
209,0,62,62,62,0,0

[JACKPOT_REELB_4]
SetIndex: 346
ItemCount: 1
209,186,0,62,62,0,0

[JACKPOT_REELB_3]
SetIndex: 347
ItemCount: 1
209,124,0,62,62,0,0

[JACKPOT_REELB_2]
SetIndex: 348
ItemCount: 1
209,62,0,62,62,0,0

[JACKPOT_REELB1]
SetIndex: 349
ItemCount: 1
209,0,0,62,62,0,0

[JACKPOT_BOX]
SetIndex: 350
ItemCount: 1
212,0,0,62,62,0,0

[JACKPOT_BOX2]
SetIndex: 351
ItemCount: 1
212,65,0,62,62,0,0

[JACKPOT_2]
SetIndex: 352
ItemCount: 1
213,0,0,135,256,0,0

[JACKPOT_3]
SetIndex: 353
ItemCount: 1
214,0,0,135,256,0,0

[JACKPOT_4]
SetIndex: 354
ItemCount: 1
215,0,0,135,256,0,0

[JACKPOT_POTNUM1]
SetIndex: 355
ItemCount: 11
206,213,172,26,43,0,0
206,187,86,26,43,0,0
206,213,86,26,43,0,0
206,135,129,26,43,0,0
206,161,129,26,43,0,0
206,187,129,26,43,0,0
206,213,129,26,43,0,0
206,135,172,26,43,0,0
206,161,172,26,43,0,0
206,187,172,26,43,0,0
206,135,0,26,43,0,0

[JACKPOT_5]
SetIndex: 356
ItemCount: 1
207,0,423,160,25,0,0

[Age12]
SetIndex: 357
ItemCount: 1
0,32,69,32,32,0,0

[Age18]
SetIndex: 358
ItemCount: 1
0,64,69,32,32,0,0

[AgeMark2]
SetIndex: 359
ItemCount: 1
0,197,197,59,59,0,0

[CombineTansAtt_1]
SetIndex: 360
ItemCount: 1
228,0,0,234,256,0,0

[CombineTansAtt_2]
SetIndex: 361
ItemCount: 1
229,0,0,234,163,0,0

[NEW_UI_CombineTansAtt]
SetIndex: 362
ItemCount: 1
227,0,423,78,17,0,0

[NEW_UI_CombineTansAtt]
SetIndex: 363
ItemCount: 1
227,0,0,227,421,0,0

[CPHOLD]
SetIndex: 364
ItemCount: 1
0,96,66,50,36,0,0

[QUESTMEMO]
SetIndex: 365
ItemCount: 5
0,160,66,37,38,0,0
0,197,66,37,38,0,0
0,197,66,37,38,0,0
0,160,66,37,38,0,0
0,160,66,37,38,0,0

[NEW_UI_POTAL]
SetIndex: 366
ItemCount: 1
233,0,0,329,233,0,0

[POTAL]
SetIndex: 367
ItemCount: 1
234,0,0,329,233,0,0

[Mix5]
SetIndex: 368
ItemCount: 1
235,0,0,227,421,0,0

[ItemMix5_title]
SetIndex: 369
ItemCount: 1
236,0,0,234,256,0,0

[ItemMix5_bg]
SetIndex: 370
ItemCount: 1
237,0,0,234,163,0,0

[QuizButton01]
SetIndex: 371
ItemCount: 5
0,4,116,25,25,0,0
0,132,116,25,25,0,0
0,4,148,25,25,0,0
0,132,116,25,25,0,0
0,4,148,25,25,0,0

[QuizButton02]
SetIndex: 372
ItemCount: 5
0,36,116,25,25,0,0
0,164,116,25,25,0,0
0,36,148,25,25,0,0
0,164,116,25,25,0,0
0,36,148,25,25,0,0

[QuizButton03]
SetIndex: 373
ItemCount: 5
0,68,116,25,25,0,0
0,196,116,25,25,0,0
0,68,148,25,25,0,0
0,196,116,25,25,0,0
0,68,148,25,25,0,0

[QuizButton04]
SetIndex: 374
ItemCount: 5
0,100,116,25,25,0,0
0,228,116,25,25,0,0
0,100,148,25,25,0,0
0,228,116,25,25,0,0
0,100,148,25,25,0,0

[FireWorkBtn01]
SetIndex: 375
ItemCount: 5
0,0,174,24,24,0,0
0,24,174,24,24,0,0
0,24,174,24,24,0,0
0,48,174,24,24,0,0
0,0,174,24,24,0,0

[FireWorkBtn02]
SetIndex: 376
ItemCount: 5
0,72,174,24,24,0,0
0,96,174,24,24,0,0
0,96,174,24,24,0,0
0,120,174,24,24,0,0
0,72,174,24,24,0,0

[FireWorkBtn03]
SetIndex: 377
ItemCount: 5
0,0,198,24,24,0,0
0,24,198,24,24,0,0
0,24,198,24,24,0,0
0,48,198,24,24,0,0
0,0,198,24,24,0,0

[FireWorkBtn04]
SetIndex: 378
ItemCount: 5
0,72,198,24,24,0,0
0,96,198,24,24,0,0
0,96,198,24,24,0,0
0,120,198,24,24,0,0
0,72,198,24,24,0,0

[FireWorkBtn05]
SetIndex: 379
ItemCount: 5
0,0,222,24,24,0,0
0,24,222,24,24,0,0
0,24,222,24,24,0,0
0,48,222,24,24,0,0
0,0,222,24,24,0,0

[FireWorkBtn06]
SetIndex: 380
ItemCount: 5
0,72,222,24,24,0,0
0,96,222,24,24,0,0
0,96,222,24,24,0,0
0,120,222,24,24,0,0
0,72,222,24,24,0,0

[NormalBtn]
SetIndex: 381
ItemCount: 3
133,108,342,70,21,0,0
133,108,342,70,21,0,0
133,108,342,70,21,0,0

[Toto_BG]
SetIndex: 382
ItemCount: 1
238,0,0,434,179,0,0

[Toto_Btn_Select]
SetIndex: 383
ItemCount: 3
238,243,15,33,17,0,0
238,243,15,33,17,0,0
238,243,15,33,17,0,0

[Toto_Btn_Confirm]
SetIndex: 384
ItemCount: 3
238,385,154,33,17,0,0
238,385,154,33,17,0,0
238,385,154,33,17,0,0

[Guild_Invite]
SetIndex: 385
ItemCount: 5
12,103,168,103,21,0,0
12,103,189,103,21,0,0
12,103,189,103,21,0,0
12,103,189,103,21,0,0
12,103,168,103,21,0,0

[Guild_Invite_Common]
SetIndex: 386
ItemCount: 5
12,0,210,103,21,0,0
12,0,231,103,21,0,0
12,0,231,103,21,0,0
12,0,231,103,21,0,0
12,0,210,103,21,0,0

[Guild_Invite_Chief1]
SetIndex: 387
ItemCount: 5
12,103,210,103,21,0,0
12,103,231,103,21,0,0
12,103,231,103,21,0,0
12,103,231,103,21,0,0
12,103,210,103,21,0,0

[Guild_Invite_Chief2]
SetIndex: 388
ItemCount: 5
12,0,252,103,21,0,0
12,0,273,103,21,0,0
12,0,273,103,21,0,0
12,0,273,103,21,0,0
12,0,252,103,21,0,0

[Guild_Invite_Chief3]
SetIndex: 389
ItemCount: 5
12,103,252,103,21,0,0
12,103,273,103,21,0,0
12,103,273,103,21,0,0
12,103,273,103,21,0,0
12,103,252,103,21,0,0

[Classic_PGT]
SetIndex: 390
ItemCount: 1
249,0,0,256,97,0,0

[NewUI_ServerList_Top]
SetIndex: 391
ItemCount: 1
126,0,0,143,256,0,0

[NewUI_ChannelList_TopLeft]
SetIndex: 392
ItemCount: 1
126,143,0,40,45,0,0

[NewUI_ChannelList_TopBottom]
SetIndex: 393
ItemCount: 1
126,184,0,33,45,0,0

[NewUI_ChannelList_TopRight]
SetIndex: 394
ItemCount: 1
126,216,0,40,45,0,0

[NewUI_ServerList_Button]
SetIndex: 395
ItemCount: 1
126,16,52,109,22,0,0

[NewUI_ChannelList_Blank]
SetIndex: 396
ItemCount: 1
126,143,45,113,211,0,0

[NewUI_Minibar_Panel]
SetIndex: 397
ItemCount: 1
134,474,0,38,215,0,0

[NewUI_Minibar_Char]
SetIndex: 398
ItemCount: 1
134,479,4,28,28,0,0

[NewUI_Minibar_Inven]
SetIndex: 399
ItemCount: 1
134,479,34,28,28,0,0

[NewUI_Minibar_Skill]
SetIndex: 400
ItemCount: 1
134,479,64,28,28,0,0

[NewUI_Minibar_Quest]	
SetIndex: 401
ItemCount: 1
134,479,94,28,28,0,0

[NewUI_Minibar_Trade]	
SetIndex: 402
ItemCount: 1
134,479,124,28,28,0,0

[NewUI_Minibar_Help]	
SetIndex: 403
ItemCount: 1
134,479,154,28,28,0,0

[NewUI_Minibar_System]	
SetIndex: 404
ItemCount: 5
134,479,184,28,28,0,0
134,479,184,28,28,0,0
134,479,184,28,28,0,0
134,479,184,28,28,0,0
134,479,184,28,28,0,0

[NewUI_CallMenu]	
SetIndex: 405
ItemCount: 5
134,393,0,40,38,0,0
134,393,0,40,38,0,0
134,433,0,40,38,0,0
134,433,0,40,38,0,0
134,393,0,40,38,0,0

[NewUI_Skillbar]
SetIndex: 406
ItemCount: 1
134,0,155,264,38,0,0

[NewUI_Skillbar_Up]
SetIndex: 407
ItemCount: 5
134,461,79,11,11,0,0
134,449,79,11,11,0,0
134,449,79,11,11,0,0
134,449,79,11,11,0,0
134,461,79,11,11,0,0

[NewUI_Skillbar_Down]
SetIndex: 408
ItemCount: 5
134,461,90,11,11,0,0
134,449,90,11,11,0,0
134,449,90,11,11,0,0
134,449,90,11,11,0,0
134,461,90,11,11,0,0

[NewUI_Stat]
SetIndex: 409
ItemCount: 1
134,0,207,185,49,0,0

[NewUI_ChaBar_BG]
SetIndex: 410
ItemCount: 1
134,201,218,311,38,0,0

[NewUI_MainInfo]
SetIndex: 411
ItemCount: 1
134,0,0,206,132,0,0

[NewUI_MainInfo_HPBox]
SetIndex: 412
ItemCount: 1
134,0,132,72,22,0,0

[NewUI_MainInfo_ExpLamp]
SetIndex: 413
ItemCount: 2
134,186,236,10,10,0,0
134,186,246,10,10,0,0

[NewUI_MainInfo_ExpProg]
SetIndex: 414
ItemCount: 1
134,0,193,173,13,0,0

[NewUI_ChatBar_General]
SetIndex: 415
ItemCount: 1
134,204,240,50,15,0,0

[NewUI_ChatBar_Party]
SetIndex: 416
ItemCount: 1
134,256,240,50,15,0,0

[NewUI_ChatBar_Whipser]
SetIndex: 417
ItemCount: 1
134,308,240,50,15,0,0

[NewUI_ChatBar_Guild]
SetIndex: 418
ItemCount: 1
134,360,240,50,15,0,0

[NewUI_MainInfo_HPProgress]
SetIndex: 419
ItemCount: 2
134,208,0,76,77,0,0
134,208,0,4,4,0,0

[NewUI_MainInfo_HPProgressTR]
SetIndex: 420
ItemCount: 2
134,208,0,76,77,0,0
134,208,0,4,4,0,0

[NewUI_MainInfo_MPProgress]
SetIndex: 421
ItemCount: 2
134,287,0,101,28,0,0
134,208,0,4,4,0,0

[NewUI_MainInfo_MHPProgress]
SetIndex: 422
ItemCount: 5
134,208,84,71,8,0,0
134,208,0,4,4,0,0
134,208,84,71,8,0,0
134,208,84,71,8,0,0
134,208,84,71,8,0,0

[NewUI_Scroll_Up2]
SetIndex: 423
ItemCount: 1
134,461,79,11,11,0,0

[NewUI_Scroll_Down2]
SetIndex: 424
ItemCount: 1
134,461,90,11,11,0,0

[NewUI_Scroll_Bar2]
SetIndex: 425
ItemCount: 1
134,435,83,13,18,0,0

[NewUI_Scroll2]
SetIndex: 426
ItemCount: 1
134,456,119,13,81,0,0

[NewUI_ChatBar_Check]
SetIndex: 427
ItemCount: 5
134,468,70,0,0,0,0
134,468,70,0,0,0,0
134,468,70,0,0,0,0
134,468,70,4,8,0,0
134,468,70,0,0,0,0

[NewUI_Minibar_Selecter]
SetIndex: 428
ItemCount: 1
134,442,39,30,30,0,0

[NewUI_Map_Bar]
SetIndex: 429
ItemCount: 1
130,0,0,137,38,0,0

[NewUI_Map_ZoomOut]
SetIndex: 430
ItemCount: 5
130,0,177,41,38,0,0
130,0,177,41,38,0,0
130,0,177,41,38,0,0
130,0,177,41,38,0,0
130,0,177,41,38,0,0

[NewUI_Map_bg2]
SetIndex: 431
ItemCount: 1
130,0,39,137,137,0,0

[minimap_bg21]
SetIndex: 432
ItemCount: 1
130,0,39,8,8,0,0

[minimap_bg22]
SetIndex: 433
ItemCount: 1
130,8,39,121,8,0,0

[minimap_bg23]
SetIndex: 434
ItemCount: 1
130,129,39,8,8,0,0

[minimap_bg24]
SetIndex: 435
ItemCount: 1
130,0,47,8,121,0,0

[minimap_bg25]
SetIndex: 436
ItemCount: 1
130,129,47,8,121,0,0

[minimap_bg26]
SetIndex: 437
ItemCount: 1
130,0,168,8,8,0,0

[minimap_bg27]
SetIndex: 438
ItemCount: 1
130,8,168,121,8,0,0

[minimap_bg28]
SetIndex: 439
ItemCount: 1
130,129,168,8,8,0,0

[minimap_coord2]
SetIndex: 440
ItemCount: 1
130,0,233,136,23,0,0

[minimap_zoomin2]
SetIndex: 441
ItemCount: 4
130,137,163,13,13,0,0
130,137,163,13,13,0,0
130,137,163,13,13,0,0
130,137,177,13,13,0,0

[minimap_zoomout2]
SetIndex: 442
ItemCount: 4
130,151,163,13,13,0,0
130,151,163,13,13,0,0
130,151,163,13,13,0,0
130,151,177,13,13,0,0

[main_info1_bg2]
SetIndex: 443
ItemCount: 1
134,0,68,324,49,0,0

[NewUI_CommonBox]
SetIndex: 444
ItemCount: 1
250,0,0,492,420,0,0

[NewUI_Party]
SetIndex: 445
ItemCount: 1
133,0,0,110,303,0,0

[NewUI_AutoTrade_BG]
SetIndex: 446
ItemCount: 1
125,0,206,143,50,0,0

[Pachinko_CollisionBoard]
SetIndex: 447
ItemCount: 1
251,0,0,800,600,0,0

[Pachinko_Background]
SetIndex: 448
ItemCount: 1
252,0,0,800,600,0,0

[Pachinko_Roll]
SetIndex: 449
ItemCount: 9
253,0,0,61,61,0,0
253,0,62,61,61,0,0
253,0,124,61,61,0,0
253,62,0,61,61,0,0
253,62,62,61,61,0,0
253,62,124,61,61,0,0
253,124,0,61,61,0,0
253,124,62,61,61,0,0
253,186,0,61,61,0,0

[Pachinko_Button_Ball]
SetIndex: 450
ItemCount: 1
254,246,101,10,10,0,0

[Pachinko_Button_Play]
SetIndex: 451
ItemCount: 3
254,83,0,74,76,0,0
254,83,0,74,76,0,0
254,83,0,74,76,0,0

[Pachinko_Button_LeftArrow]
SetIndex: 452
ItemCount: 3
254,0,205,22,25,0,0
254,0,205,22,25,0,0
254,0,205,22,25,0,0

[Pachinko_Button_RightArrow]
SetIndex: 453
ItemCount: 3
254,24,205,22,25,0,0
254,24,205,22,25,0,0
254,24,205,22,25,0,0

[Pachinko_BackImage]
SetIndex: 454
ItemCount: 1
255,0,0,800,600,0,0

[M_Game_Auto]
SetIndex: 455
ItemCount: 5
134,380,39,31,31,0,0
134,380,39,31,31,0,0
134,380,39,31,31,0,0
134,380,39,31,31,0,0
134,380,39,31,31,0,0

[A_Game_Auto]
SetIndex: 456
ItemCount: 5
134,411,39,31,31,0,0
134,411,39,31,31,0,0
134,411,39,31,31,0,0
134,411,39,31,31,0,0
134,411,39,31,31,0,0
