[Cursor]
SetIndex: 0
ItemCount: 5
0,0,0,32,32,0,0
0,32,0,32,32,0,0
0,64,0,32,32,0,0
0,96,0,32,32,0,0
0,128,0,32,32,0,0

[dir]
SetIndex: 3
ItemCount: 1
0,192,0,16,16,0,0

[up_btn]
SetIndex: 4
ItemCount: 2
0,209,0,10,17,0,0
0,219,0,10,17,0,0

[down_btn]
SetIndex: 5
ItemCount: 2
0,209,19,10,17,0,0
0,219,19,10,17,0,0

[progress]
SetIndex: 6
ItemCount: 2
34,0,235,110,4,0,0
28,135,83,75,18,0,0

[party_hp_progress]
SetIndex: 7
ItemCount: 2
305,282,0,80,4,0,0
26,174,0,4,4,0,0

[N_minimap]
SetIndex: 11
ItemCount: 1
4,0,0,384,384,0,0

[title_1]
SetIndex: 12
ItemCount: 1
5,0,0,256,256,0,0

[title_2]
SetIndex: 13
ItemCount: 1
6,0,0,256,256,0,0


[party_title]
SetIndex: 25
ItemCount: 1
34,0,0,108,114,0,0

[server_list_M]
SetIndex: 36
ItemCount: 1
23,0,0,256,256,0,0

[server_list_T]
SetIndex: 37
ItemCount: 5
58,38,219,181,37,0,0
33,0,0,181,37,0,0
33,0,0,181,37,0,0
33,0,0,181,37,0,0
58,38,219,181,37,0,0


[Flag_Kingdom]
SetIndex: 65
ItemCount: 37
101,0,0,64,128,0,0
102,0,0,64,128,0,0
103,0,0,64,128,0,0
104,0,0,64,128,0,0
105,0,0,64,128,0,0
105,0,0,64,128,0,0
107,0,0,64,128,0,0
108,0,0,64,128,0,0
152,0,0,64,128,0,0
153,0,0,64,128,0,0
154,0,0,64,128,0,0
155,0,0,64,128,0,0
156,0,0,64,128,0,0
157,0,0,64,128,0,0
158,0,0,64,128,0,0
159,0,0,64,128,0,0
160,0,0,64,128,0,0
161,0,0,64,128,0,0
162,0,0,64,128,0,0
163,0,0,64,128,0,0
164,0,0,64,128,0,0
165,0,0,64,128,0,0
166,0,0,64,128,0,0
167,0,0,64,128,0,0
168,0,0,64,128,0,0
169,0,0,64,128,0,0
170,0,0,64,128,0,0
171,0,0,64,128,0,0
172,0,0,64,128,0,0
173,0,0,64,128,0,0
246,0,0,1,1,0,0
246,0,0,64,128,0,0
247,0,0,64,128,0,0
248,0,0,64,128,0,0
259,0,0,64,128,0,0
260,0,0,64,128,0,0
261,0,0,64,128,0,0

[N_minimapC]
SetIndex: 86
ItemCount: 1
33,128,128,128,128,0,0

[N_mini_btn_list]
SetIndex: 93
ItemCount: 1
33,0,0,252,66,0,0

[N_char_button]
SetIndex: 94
ItemCount: 5
33,0,69,24,24,0,0
33,24,69,24,24,0,0
33,24,69,24,24,0,0
33,48,69,24,24,0,0
33,48,69,24,24,0,0


[N_equip_button]
SetIndex: 95
ItemCount: 5
33,0,93,24,24,0,0
33,24,93,24,24,0,0
33,24,93,24,24,0,0
33,48,93,24,24,0,0
33,48,93,24,24,0,0

[N_skill_button]
SetIndex: 96
ItemCount: 5
33,0,117,24,24,0,0
33,24,117,24,24,0,0
33,24,117,24,24,0,0
33,48,117,24,24,0,0
33,48,117,24,24,0,0

[N_minimap_button]
SetIndex: 97
ItemCount: 5
33,0,141,24,24,0,0
33,24,141,24,24,0,0
33,24,141,24,24,0,0
33,48,141,24,24,0,0
33,48,141,24,24,0,0

[N_party_button]
SetIndex: 98
ItemCount: 5
33,0,165,24,24,0,0
33,24,165,24,24,0,0
33,24,165,24,24,0,0
33,48,165,24,24,0,0
33,48,165,24,24,0,0

[N_system_button]
SetIndex: 99
ItemCount: 5
33,0,189,24,24,0,0
33,24,189,24,24,0,0
33,24,189,24,24,0,0
33,48,189,24,24,0,0
33,48,189,24,24,0,0

[N_title_1]
SetIndex: 110
ItemCount: 1
41,0,0,256,256,0,0

[N_title_2]
SetIndex: 111
ItemCount: 1
42,0,0,256,256,0,0

[N_title_3]
SetIndex: 112
ItemCount: 1
43,0,0,256,256,0,0

[N_title_4]
SetIndex: 113
ItemCount: 1
44,0,0,256,256,0,0

[N_title_5]
SetIndex: 114
ItemCount: 1
45,0,0,256,256,0,0

[N_title_6]
SetIndex: 115
ItemCount: 1
46,0,0,256,256,0,0

[Green_Number]
SetIndex: 137
ItemCount: 16
115,0,0,26,29,0,0
115,27,0,14,29,0,0
115,41,0,23,29,0,0
115,64,0,21,29,0,0
115,85,0,22,29,0,0
115,107,0,20,29,0,0
115,127,0,22,29,0,0
115,150,0,21,29,0,0
115,171,0,23,29,0,0
115,194,0,24,29,0,0
115,218,1,24,28,0,0
115,0,144,83,30,0,0
115,83,144,19,30,0,0
115,101,144,16,30,0,0
115,242,1,12,30,0,0
115,216,144,40,30,0,0

[Blue_Number]
SetIndex: 138
ItemCount: 12
115,0,30,26,30,0,0
115,27,30,14,29,0,0
115,41,30,23,29,0,0
115,64,30,21,29,0,0
115,85,30,22,29,0,0
115,107,30,20,29,0,0
115,127,30,22,29,0,0
115,150,30,21,29,0,0
115,171,30,23,29,0,0
115,194,30,24,29,0,0
115,218,30,24,29,0,0
115,242,30,12,30,0,0

[Yellow_Number]
SetIndex: 139
ItemCount: 12
115,0,60,26,29,0,0
115,27,60,14,29,0,0
115,41,60,23,29,0,0
115,64,60,21,29,0,0
115,85,60,22,29,0,0
115,107,60,20,29,0,0 
115,127,60,22,29,0,0
115,150,60,21,29,0,0
115,171,60,23,29,0,0
115,194,60,24,29,0,0
115,218,60,24,29,0,0
115,242,60,12,30,0,0

[Red_Number]
SetIndex: 140
ItemCount: 13
115,0,90,26,54,0,0
115,27,90,14,54,0,0
115,41,90,23,54,0,0
115,64,90,21,54,0,0
115,85,90,22,54,0,0
115,107,90,20,54,0,0
115,127,90,22,54,0,0
115,150,90,21,54,0,0
115,171,90,23,54,0,0
115,194,90,24,54,0,0
115,218,90,24,54,0,0
115,117,143,100,31,0,0
115,242,90,12,30,0,0

[Orange_Number]
SetIndex: 141
ItemCount: 12
115,133,216,36,40,0,0
115,0,175,26,42,0,0
115,26,175,35,42,0,0
115,61,175,30,42,0,0
115,91,175,36,42,0,0
115,127,176,35,41,0,0
115,0,216,31,40,0,0
115,31,216,31,40,0,0
115,62,216,32,40,0,0
115,95,216,35,40,0,0
115,168,175,29,40,0,0
115,168,216,29,39,0,0

[Age_Mark]
SetIndex: 142
ItemCount: 1
115,198,198,59,59,0,0

[Magic_Damage]
SetIndex: 143
ItemCount: 12
125,0,0,26,29,0,0
125,27,0,14,29,0,0
125,41,0,23,29,0,0
125,64,0,21,29,0,0
125,85,0,22,29,0,0
125,107,0,20,29,0,0 
125,127,0,22,29,0,0
125,150,0,21,29,0,0
125,171,0,23,29,0,0
125,194,0,24,29,0,0
125,218,0,24,29,0,0
125,242,0,12,30,0,0


[Magic_Damage_Cri]
SetIndex: 144
ItemCount: 12
125,133,71,36,40,0,0
125,0,30,26,42,0,0
125,26,30,35,42,0,0
125,61,30,30,42,0,0
125,91,30,36,42,0,0
125,127,31,35,41,0,0
125,0,71,31,40,0,0
125,31,71,31,40,0,0
125,62,71,32,40,0,0
125,95,71,35,40,0,0
125,168,30,29,40,0,0
125,168,71,29,39,0,0

[N_HRun_button]
SetIndex: 146
ItemCount: 5
33,0,45,24,24,0,0
33,24,45,24,24,0,0
33,24,45,24,24,0,0
33,48,45,24,24,0,0
33,72,45,24,24,0,0

[N_guild_button]
SetIndex: 147
ItemCount: 5
33,0,213,24,24,0,0
33,24,213,24,24,0,0
33,24,213,24,24,0,0
33,48,213,24,24,0,0
33,48,213,24,24,0,0

[Crown]
SetIndex: 151
ItemCount: 1
0,0,32,32,32,0,0

[Memo]
SetIndex: 153
ItemCount: 5
0,32,38,32,23,0,0
0,64,38,32,23,0,0
0,64,38,32,23,0,0
0,32,38,32,23,0,0
0,32,38,32,23,0,0

[alert]
SetIndex: 154
ItemCount: 5
0,96,38,32,23,0,0
0,128,38,32,23,0,0
0,128,38,32,23,0,0
0,96,38,32,23,0,0
0,96,38,32,23,0,0

[alert]
SetIndex: 155
ItemCount: 5
0,160,38,32,23,0,0
0,192,38,32,23,0,0
0,192,38,32,23,0,0
0,160,38,32,23,0,0
0,160,38,32,23,0,0

[Help_button]
SetIndex: 157
ItemCount: 5
33,72,165,24,24,0,0
33,96,165,24,24,0,0
33,96,165,24,24,0,0
33,120,165,24,24,0,0
33,120,165,24,24,0,0

[Quest_button]
SetIndex: 158
ItemCount: 5
33,72,189,24,24,0,0
33,96,189,24,24,0,0
33,96,189,24,24,0,0
33,120,189,24,24,0,0
33,120,189,24,24,0,0


[AutoRun_button]
SetIndex: 159
ItemCount: 5
33,72,213,24,24,0,0
33,96,213,24,24,0,0
33,96,213,24,24,0,0
33,120,213,24,24,0,0
33,120,213,24,24,0,0

[ShortSkill1_button]
SetIndex: 160
ItemCount: 5
33,96,45,26,21,0,0
33,96,45,26,21,0,0
33,96,45,26,21,0,0
33,147,45,26,21,0,0
33,96,45,26,21,0,0

[ShortSkill2_button]
SetIndex: 161
ItemCount: 5
33,121,45,26,21,0,0
33,121,45,26,21,0,0
33,121,45,26,21,0,0
33,173,45,26,21,0,0
33,121,45,26,21,0,0

[N_Create_char_bg_2]
SetIndex: 179
ItemCount: 1
128,0,0,249,370,0,0

[new_char_panel2]
SetIndex: 181
ItemCount: 1
129,0,0,250,393,0,0

[new_char_stat_bar2]
SetIndex: 182
ItemCount: 1
129,0,392,255,11,0,0

[NewAmulet]
SetIndex: 199
ItemCount: 153
131,0,0,32,32,0,0
131,32,0,32,32,0,0
131,64,0,32,32,0,0
131,96,0,32,32,0,0
131,128,0,32,32,0,0
131,160,0,32,32,0,0
131,192,0,32,32,0,0
131,224,0,32,32,0,0
131,256,0,32,32,0,0
131,288,0,32,32,0,0
131,320,0,32,32,0,0
131,352,0,32,32,0,0
131,384,0,32,32,0,0
131,416,0,32,32,0,0
131,448,0,32,32,0,0
131,480,0,32,32,0,0
131,0,32,32,32,0,0
131,32,32,32,32,0,0
131,64,32,32,32,0,0
131,96,32,32,32,0,0
131,128,32,32,32,0,0
131,160,32,32,32,0,0
131,192,32,32,32,0,0
131,224,32,32,32,0,0
131,256,32,32,32,0,0
131,288,32,32,32,0,0
131,320,32,32,32,0,0
131,352,32,32,32,0,0
131,384,32,32,32,0,0
131,416,32,32,32,0,0
131,448,32,32,32,0,0
131,480,32,32,32,0,0
131,0,64,32,32,0,0
131,32,64,32,32,0,0
131,64,64,32,32,0,0
131,96,64,32,32,0,0
131,128,64,32,32,0,0
131,160,64,32,32,0,0
131,192,64,32,32,0,0
131,224,64,32,32,0,0
131,256,64,32,32,0,0
131,288,64,32,32,0,0
131,320,64,32,32,0,0
131,352,64,32,32,0,0
131,384,64,32,32,0,0
131,416,64,32,32,0,0
131,448,64,32,32,0,0
131,480,64,32,32,0,0
131,0,96,32,32,0,0
131,32,96,32,32,0,0
131,64,96,32,32,0,0
131,96,96,32,32,0,0
131,128,96,32,32,0,0
131,160,96,32,32,0,0
131,192,96,32,32,0,0
131,224,96,32,32,0,0
131,256,96,32,32,0,0
131,288,96,32,32,0,0
131,320,96,32,32,0,0
131,352,96,32,32,0,0
131,384,96,32,32,0,0
131,416,96,32,32,0,0
131,448,96,32,32,0,0
131,480,96,32,32,0,0
131,0,128,32,32,0,0
131,32,128,32,32,0,0
131,64,128,32,32,0,0
131,96,128,32,32,0,0
131,128,128,32,32,0,0
131,160,128,32,32,0,0
131,192,128,32,32,0,0
131,224,128,32,32,0,0
131,256,128,32,32,0,0
131,288,128,32,32,0,0
131,320,128,32,32,0,0
131,352,128,32,32,0,0
131,384,128,32,32,0,0
131,416,128,32,32,0,0
131,448,128,32,32,0,0
131,480,128,32,32,0,0
131,0,160,32,32,0,0
131,32,160,32,32,0,0
131,64,160,32,32,0,0
131,96,160,32,32,0,0
131,128,160,32,32,0,0
131,160,160,32,32,0,0
131,192,160,32,32,0,0
131,224,160,32,32,0,0
131,256,160,32,32,0,0
131,288,160,32,32,0,0
131,320,160,32,32,0,0
131,352,160,32,32,0,0
131,384,160,32,32,0,0
131,416,160,32,32,0,0
131,448,160,32,32,0,0
131,480,160,32,32,0,0
131,0,192,32,32,0,0
131,32,192,32,32,0,0
131,64,192,32,32,0,0
131,96,192,32,32,0,0
131,128,192,32,32,0,0
131,160,192,32,32,0,0
131,192,192,32,32,0,0
131,224,192,32,32,0,0
131,256,192,32,32,0,0
131,0,256,32,32,0,0
131,32,256,32,32,0,0
131,64,256,32,32,0,0
131,96,256,32,32,0,0
131,128,256,32,32,0,0
131,160,256,32,32,0,0
131,192,256,32,32,0,0
131,224,256,32,32,0,0
131,256,256,32,32,0,0
131,288,256,32,32,0,0
131,320,256,32,32,0,0
131,352,256,32,32,0,0
131,384,256,32,32,0,0
131,416,256,32,32,0,0
131,448,256,32,32,0,0
131,480,256,32,32,0,0
131,0,288,32,32,0,0
131,32,288,32,32,0,0
131,64,288,32,32,0,0
131,96,288,32,32,0,0
131,128,288,32,32,0,0
131,160,288,32,32,0,0
131,192,288,32,32,0,0
131,224,288,32,32,0,0
131,256,288,32,32,0,0
131,288,288,32,32,0,0
131,320,288,32,32,0,0
131,352,288,32,32,0,0
131,384,288,32,32,0,0
131,416,288,32,32,0,0
131,448,288,32,32,0,0
131,480,288,32,32,0,0
131,0,320,32,32,0,0
131,32,320,32,32,0,0
131,64,320,32,32,0,0
131,96,320,32,32,0,0
131,128,320,32,32,0,0
131,160,320,32,32,0,0
131,192,320,32,32,0,0
131,224,320,32,32,0,0
131,256,320,32,32,0,0
131,288,320,32,32,0,0
131,320,320,32,32,0,0
131,352,320,32,32,0,0
131,384,320,32,32,0,0
131,416,320,32,32,0,0
131,448,320,32,32,0,0
131,480,320,32,32,0,0

[NewAmulet_sel]
SetIndex: 200
ItemCount: 170
132,0,0,32,32,0,0
132,32,0,32,32,0,0
132,64,0,32,32,0,0
132,96,0,32,32,0,0
132,128,0,32,32,0,0
132,160,0,32,32,0,0
132,192,0,32,32,0,0
132,224,0,32,32,0,0
132,256,0,32,32,0,0
132,288,0,32,32,0,0
132,320,0,32,32,0,0
132,352,0,32,32,0,0
132,384,0,32,32,0,0
132,416,0,32,32,0,0
132,448,0,32,32,0,0
132,480,0,32,32,0,0
132,0,32,32,32,0,0
132,32,32,32,32,0,0
132,64,32,32,32,0,0
132,96,32,32,32,0,0
132,128,32,32,32,0,0
132,160,32,32,32,0,0
132,192,32,32,32,0,0
132,224,32,32,32,0,0
132,256,32,32,32,0,0
132,288,32,32,32,0,0
132,320,32,32,32,0,0
132,352,32,32,32,0,0
132,384,32,32,32,0,0
132,416,32,32,32,0,0
132,448,32,32,32,0,0
132,480,32,32,32,0,0
132,0,64,32,32,0,0
132,32,64,32,32,0,0
132,64,64,32,32,0,0
132,96,64,32,32,0,0
132,128,64,32,32,0,0
132,160,64,32,32,0,0
132,192,64,32,32,0,0
132,224,64,32,32,0,0
132,256,64,32,32,0,0
132,288,64,32,32,0,0
132,320,64,32,32,0,0
132,352,64,32,32,0,0
132,384,64,32,32,0,0
132,416,64,32,32,0,0
132,448,64,32,32,0,0
132,480,64,32,32,0,0
132,0,96,32,32,0,0
132,32,96,32,32,0,0
132,64,96,32,32,0,0
132,96,96,32,32,0,0
132,128,96,32,32,0,0
132,160,96,32,32,0,0
132,192,96,32,32,0,0
132,224,96,32,32,0,0
132,256,96,32,32,0,0
132,288,96,32,32,0,0
132,320,96,32,32,0,0
132,352,96,32,32,0,0
132,384,96,32,32,0,0
132,416,96,32,32,0,0
132,448,96,32,32,0,0
132,480,96,32,32,0,0
132,0,128,32,32,0,0
132,32,128,32,32,0,0
132,64,128,32,32,0,0
132,96,128,32,32,0,0
132,128,128,32,32,0,0
132,160,128,32,32,0,0
132,192,128,32,32,0,0
132,224,128,32,32,0,0
132,256,128,32,32,0,0
132,288,128,32,32,0,0
132,320,128,32,32,0,0
132,352,128,32,32,0,0
132,384,128,32,32,0,0
132,416,128,32,32,0,0
132,448,128,32,32,0,0
132,480,128,32,32,0,0
132,0,160,32,32,0,0
132,32,160,32,32,0,0
132,64,160,32,32,0,0
132,96,160,32,32,0,0
132,128,160,32,32,0,0
132,160,160,32,32,0,0
132,192,160,32,32,0,0
132,224,160,32,32,0,0
132,256,160,32,32,0,0
132,288,160,32,32,0,0
132,320,160,32,32,0,0
132,352,160,32,32,0,0
132,384,160,32,32,0,0
132,416,160,32,32,0,0
132,448,160,32,32,0,0
132,480,160,32,32,0,0
132,0,192,32,32,0,0
132,32,192,32,32,0,0
132,64,192,32,32,0,0
132,96,192,32,32,0,0
132,128,192,32,32,0,0
132,160,192,32,32,0,0
132,192,192,32,32,0,0
132,224,192,32,32,0,0
132,256,192,32,32,0,0
132,0,256,32,32,0,0
132,32,256,32,32,0,0
132,64,256,32,32,0,0
132,96,256,32,32,0,0
132,128,256,32,32,0,0
132,160,256,32,32,0,0
132,192,256,32,32,0,0
132,224,256,32,32,0,0
132,256,256,32,32,0,0
132,288,256,32,32,0,0
132,320,256,32,32,0,0
132,352,256,32,32,0,0
132,384,256,32,32,0,0
132,416,256,32,32,0,0
132,448,256,32,32,0,0
132,480,256,32,32,0,0
132,0,288,32,32,0,0
132,32,288,32,32,0,0
132,64,288,32,32,0,0
132,96,288,32,32,0,0
132,128,288,32,32,0,0
132,160,288,32,32,0,0
132,192,288,32,32,0,0
132,224,288,32,32,0,0
132,256,288,32,32,0,0
132,288,288,32,32,0,0
132,320,288,32,32,0,0
132,352,288,32,32,0,0
132,384,288,32,32,0,0
132,416,288,32,32,0,0
132,448,288,32,32,0,0
132,480,288,32,32,0,0
132,0,320,32,32,0,0
132,32,320,32,32,0,0
132,64,320,32,32,0,0
132,96,320,32,32,0,0
132,128,320,32,32,0,0
132,160,320,32,32,0,0
132,192,320,32,32,0,0
132,224,320,32,32,0,0
132,256,320,32,32,0,0
132,288,320,32,32,0,0
132,320,320,32,32,0,0
132,352,320,32,32,0,0
132,384,320,32,32,0,0
132,416,320,32,32,0,0
132,448,320,32,32,0,0
132,480,320,32,32,0,0
132,0,224,32,32,0,0
132,32,224,32,32,0,0
132,64,224,32,32,0,0
132,96,224,32,32,0,0
132,128,224,32,32,0,0
132,160,224,32,32,0,0
132,192,224,32,32,0,0
132,224,224,32,32,0,0
132,256,224,32,32,0,0
132,288,224,32,32,0,0
132,320,224,32,32,0,0
132,352,224,32,32,0,0
132,384,224,32,32,0,0
132,416,224,32,32,0,0
132,448,224,32,32,0,0
132,480,224,32,32,0,0
132,0,352,32,32,0,0

[main_info1_bg2]
SetIndex: 213
ItemCount: 1
134,0,68,324,49,0,0

[main_exp_progress_g2]
SetIndex: 214
ItemCount: 1
134,16,68,5,7,0,0

[exp_progress2]
SetIndex: 215
ItemCount: 5
134,250,185,88,3,0,0
26,174,0,4,4,0,0
134,250,185,88,3,0,0
134,250,185,88,3,0,0
134,250,185,88,3,0,0

[main_info1_btn2]
SetIndex: 216
ItemCount: 4
134,0,117,324,10,0,0
134,0,117,324,10,0,0
134,0,117,324,10,0,0
134,0,129,324,10,0,0

[main_info2_bg2]
SetIndex: 217
ItemCount: 1
134,10,150,227,63,0,0

[hp_progress2]
SetIndex: 218
ItemCount: 5
134,250,165,128,14,0,0
26,174,0,4,4,0,0
134,250,165,128,14,0,0
134,250,165,128,14,0,0
134,250,165,128,14,0,0

[mp_progress2]
SetIndex: 219
ItemCount: 5
134,250,150,128,14,0,0
26,174,0,4,4,0,0
134,250,150,128,14,0,0
134,250,150,128,14,0,0
134,250,150,128,14,0,0

[main_info2_btn2]
SetIndex: 220
ItemCount: 4
134,0,150,10,63,0,0
134,0,150,10,63,0,0
134,0,150,10,63,0,0
134,238,150,10,63,0,0

[potion_bg2]
SetIndex: 221
ItemCount: 1
134,394,191,108,44,0,0

[potion_btn2]
SetIndex: 222
ItemCount: 4
134,502,190,10,44,0,0
134,502,190,10,44,0,0
134,502,190,10,44,0,0
134,383,190,10,44,0,0

[chat_l_bg2]
SetIndex: 223
ItemCount: 1
134,250,239,10,16,0,0

[chat_c_bg2]
SetIndex: 224
ItemCount: 1
134,260,239,236,16,0,0

[chat_r_bg2]
SetIndex: 225
ItemCount: 1
134,496,239,10,16,0,0

[party_bg2]
SetIndex: 226
ItemCount: 1
133,10,0,108,303,0,0

[party_btn2]
SetIndex: 227
ItemCount: 4
133,0,0,10,303,0,0
133,0,0,10,303,0,0
133,0,0,10,303,0,0
133,119,0,10,303,0,0

[mini_panel_bg2]
SetIndex: 228
ItemCount: 1
134,0,214,227,42,0,0

[mini_panel_btn2]
SetIndex: 229
ItemCount: 4
134,227,214,10,42,0,0
134,227,214,10,42,0,0
134,227,214,10,42,0,0
134,239,214,10,42,0,0

[skill_belt_bg2]
SetIndex: 230
ItemCount: 1
134,0,10,371,45,0,0

[skill_belt_btn2]
SetIndex: 231
ItemCount: 4
134,0,0,371,10,0,0
134,0,0,371,10,0,0
134,0,0,371,10,0,0
134,0,56,371,10,0,0

[skill_tgl1_btn2]
SetIndex: 232
ItemCount: 4
134,0,19,19,17,0,0
134,0,19,19,17,0,0
134,0,19,19,17,0,0
134,0,19,19,17,0,0

[skill_tgl2_btn2]
SetIndex: 233
ItemCount: 4
134,0,36,19,19,0,0
134,0,36,19,19,0,0
134,0,36,19,19,0,0
134,0,36,19,19,0,0

[affect_bg2]
SetIndex: 234
ItemCount: 1
133,148,0,96,226,0,0

[affect_btn2]
SetIndex: 235
ItemCount: 4
133,233,0,10,226,0,0
133,233,0,10,226,0,0
133,233,0,10,226,0,0
133,245,0,10,226,0,0

[character_bg2]
SetIndex: 236
ItemCount: 1
135,0,0,227,421,0,0

[close_btn2]
SetIndex: 237
ItemCount: 5
135,0,436,19,17,0,0
135,19,436,19,17,0,0
135,19,436,19,17,0,0
135,0,436,19,17,0,0
135,0,436,19,17,0,0

[stat_add_btn2]
SetIndex: 238
ItemCount: 4
135,0,422,13,13,0,0
135,0,422,13,13,0,0
135,0,422,13,13,0,0
135,0,422,13,13,0,0

[skill_bg2]
SetIndex: 239
ItemCount: 1
136,0,0,227,421,0,0

[inven_bg2]
SetIndex: 240
ItemCount: 1
137,0,0,227,421,0,0

[N_money_btn]
SetIndex: 241
ItemCount: 5
137,0,422,18,17,0,0
137,18,422,18,17,0,0
137,18,422,18,17,0,0
137,0,422,18,17,0,0
137,0,422,18,17,0,0

[skill_master_bg2]
SetIndex: 242
ItemCount: 1
138,0,0,227,421,0,0

[N_grid_cover]
SetIndex: 243
ItemCount: 126
139,0,0,24,24,0,0
139,24,0,24,24,0,0
139,48,0,24,24,0,0
139,72,0,24,24,0,0
139,96,0,24,24,0,0
139,120,0,24,24,0,0
139,144,0,24,24,0,0
139,168,0,24,24,0,0
139,192,0,24,24,0,0
139,0,24,24,24,0,0
139,24,24,24,24,0,0
139,48,24,24,24,0,0
139,72,24,24,24,0,0
139,96,24,24,24,0,0
139,120,24,24,24,0,0
139,144,24,24,24,0,0
139,168,24,24,24,0,0
139,192,24,24,24,0,0
139,0,48,24,24,0,0
139,24,48,24,24,0,0
139,48,48,24,24,0,0
139,72,48,24,24,0,0
139,96,48,24,24,0,0
139,120,48,24,24,0,0
139,144,48,24,24,0,0
139,168,48,24,24,0,0
139,192,48,24,24,0,0
139,0,72,24,24,0,0
139,24,72,24,24,0,0
139,48,72,24,24,0,0
139,72,72,24,24,0,0
139,96,72,24,24,0,0
139,120,72,24,24,0,0
139,144,72,24,24,0,0
139,168,72,24,24,0,0
139,192,72,24,24,0,0
139,0,48,24,24,0,0
139,24,96,24,24,0,0
139,48,96,24,24,0,0
139,72,96,24,24,0,0
139,96,96,24,24,0,0
139,120,96,24,24,0,0
139,144,96,24,24,0,0
139,168,96,24,24,0,0
139,192,96,24,24,0,0
139,0,120,24,24,0,0
139,24,120,24,24,0,0
139,48,120,24,24,0,0
139,72,120,24,24,0,0
139,96,120,24,24,0,0
139,120,120,24,24,0,0
139,144,120,24,24,0,0
139,168,120,24,24,0,0
139,192,120,24,24,0,0
139,0,144,24,24,0,0
139,24,144,24,24,0,0
139,48,144,24,24,0,0
139,72,144,24,24,0,0
139,96,144,24,24,0,0
139,120,144,24,24,0,0
139,144,144,24,24,0,0
139,168,144,24,24,0,0
139,192,144,24,24,0,0
139,0,0,24,24,0,0
139,24,0,24,24,0,0
139,48,0,24,24,0,0
139,72,0,24,24,0,0
139,96,0,24,24,0,0
139,120,0,24,24,0,0
139,144,0,24,24,0,0
139,168,0,24,24,0,0
139,192,0,24,24,0,0
139,0,24,24,24,0,0
139,24,24,24,24,0,0
139,48,24,24,24,0,0
139,72,24,24,24,0,0
139,96,24,24,24,0,0
139,120,24,24,24,0,0
139,144,24,24,24,0,0
139,168,24,24,24,0,0
139,192,24,24,24,0,0
139,0,48,24,24,0,0
139,24,48,24,24,0,0
139,48,48,24,24,0,0
139,72,48,24,24,0,0
139,96,48,24,24,0,0
139,120,48,24,24,0,0
139,144,48,24,24,0,0
139,168,48,24,24,0,0
139,192,48,24,24,0,0
139,0,72,24,24,0,0
139,24,72,24,24,0,0
139,48,72,24,24,0,0
139,72,72,24,24,0,0
139,96,72,24,24,0,0
139,120,72,24,24,0,0
139,144,72,24,24,0,0
139,168,72,24,24,0,0
139,192,72,24,24,0,0
139,0,48,24,24,0,0
139,24,96,24,24,0,0
139,48,96,24,24,0,0
139,72,96,24,24,0,0
139,96,96,24,24,0,0
139,120,96,24,24,0,0
139,144,96,24,24,0,0
139,168,96,24,24,0,0
139,192,96,24,24,0,0
139,0,120,24,24,0,0
139,24,120,24,24,0,0
139,48,120,24,24,0,0
139,72,120,24,24,0,0
139,96,120,24,24,0,0
139,120,120,24,24,0,0
139,144,120,24,24,0,0
139,168,120,24,24,0,0
139,192,120,24,24,0,0
139,0,144,24,24,0,0
139,24,144,24,24,0,0
139,48,144,24,24,0,0
139,72,144,24,24,0,0
139,96,144,24,24,0,0
139,120,144,24,24,0,0
139,144,144,24,24,0,0
139,168,144,24,24,0,0
139,192,144,24,24,0,0

[auto_trade_bg2]
SetIndex: 244
ItemCount: 1
140,0,0,262,421,0,0

[cargo_bg2]
SetIndex: 245
ItemCount: 1
142,0,0,227,421,0,0

[trade_start_btn2]
SetIndex: 246
ItemCount: 5
140,38,422,19,17,0,0
140,38,422,19,17,0,0
140,38,422,19,17,0,0
140,38,422,19,17,0,0
140,38,422,19,17,0,0

[help_interface_01_bg2]
SetIndex: 248
ItemCount: 1
143,0,0,454,256,0,0

[help_interface_02_bg2]
SetIndex: 249
ItemCount: 1
144,0,0,454,256,0,0

[help_interface_03_bg2]
SetIndex: 250
ItemCount: 1
145,0,0,454,256,0,0

[mini_btn2_1]
SetIndex: 251
ItemCount: 5
139,0,170,30,30,0,0
139,0,170,30,30,0,0
139,0,170,30,30,0,0
139,0,170,30,30,0,0
139,0,170,30,30,0,0

[mini_btn2_2]
SetIndex: 252
ItemCount: 5
139,31,170,30,30,0,0
139,31,170,30,30,0,0
139,31,170,30,30,0,0
139,31,170,30,30,0,0
139,31,170,30,30,0,0

[mini_btn2_3]
SetIndex: 253
ItemCount: 5
139,62,170,30,30,0,0
139,62,170,30,30,0,0
139,62,170,30,30,0,0
139,62,170,30,30,0,0
139,62,170,30,30,0,0

[mini_btn2_4]
SetIndex: 254
ItemCount: 5
139,93,170,30,30,0,0
139,93,170,30,30,0,0
139,93,170,30,30,0,0
139,93,170,30,30,0,0
139,93,170,30,30,0,0

[mini_btn2_5]
SetIndex: 255
ItemCount: 5
139,124,170,30,30,0,0
139,124,170,30,30,0,0
139,124,170,30,30,0,0
139,124,170,30,30,0,0
139,124,170,30,30,0,0

[mini_btn2_6]
SetIndex: 256
ItemCount: 5
139,155,170,30,30,0,0
139,155,170,30,30,0,0
139,155,170,30,30,0,0
139,155,170,30,30,0,0
139,155,170,30,30,0,0

[mini_btn2_7]
SetIndex: 257
ItemCount: 5
139,186,170,30,30,0,0
139,186,170,30,30,0,0
139,186,170,30,30,0,0
139,186,170,30,30,0,0
139,186,170,30,30,0,0

[sys_menu_bg2]
SetIndex: 258
ItemCount: 1
133,0,311,197,91,0,0

[MessagePanelR2]
SetIndex: 260
ItemCount: 1
125,233,176,11,24,0,0

[store_bg2]
SetIndex: 261
ItemCount: 1
141,0,0,227,421,0,0

[input_gold_bg2]
SetIndex: 262
ItemCount: 1
133,0,416,225,96,0,0

[HPotion2]
SetIndex: 263
ItemCount: 5
139,7,218,28,28,0,0
139,112,218,28,28,0,0
139,112,218,28,28,0,0
139,7,218,28,28,0,0
139,7,218,28,28,0,0

[MPotion2]
SetIndex: 264
ItemCount: 5
139,40,218,28,28,0,0
139,145,218,28,28,0,0
139,145,218,28,28,0,0
139,40,218,28,28,0,0
139,40,218,28,28,0,0

[PPotion2]
SetIndex: 265
ItemCount: 5
139,72,218,28,28,0,0
139,177,218,28,28,0,0
139,177,218,28,28,0,0
139,72,218,28,28,0,0
139,72,218,28,28,0,0

[quest_bg1]
SetIndex: 266
ItemCount: 1
146,0,0,256,256,0,0

[guild_board_btn_panel]
SetIndex: 267
ItemCount: 1
133,19,342,70,21,0,0

[combine_lv9_2]
SetIndex: 268
ItemCount: 1
148,0,0,227,282,0,0

[combine_lv9_btn_2]
SetIndex: 269
ItemCount: 1
148,0,285,83,25,0,0

[quest_bg1]
SetIndex: 270
ItemCount: 1
129,0,416,70,96,0,0

[quest_bg2]
SetIndex: 271
ItemCount: 1
129,70,416,116,96,0,0

[quest_bg3]
SetIndex: 272
ItemCount: 1
129,186,416,70,96,0,0

[trade_bg1]
SetIndex: 273
ItemCount: 1
140,263,0,227,421,0,0

[combine_lv10_2]
SetIndex: 276
ItemCount: 1
151,0,0,227,282,0,0

[combine_lv10_btn_2]
SetIndex: 277
ItemCount: 1
151,0,282,79,23,0,0

[summon]
SetIndex: 278
ItemCount: 5
131,320,64,32,32,0,0
132,320,64,32,32,0,0
132,320,64,32,32,0,0
131,320,64,32,32,0,0
131,320,64,32,32,0,0

[memo]
SetIndex: 279
ItemCount: 5
131,448,224,32,32,0,0
132,448,224,32,32,0,0
132,448,224,32,32,0,0
131,448,224,32,32,0,0
131,448,224,32,32,0,0

[trade_check2]
SetIndex: 280
ItemCount: 5
140,467,211,17,17,0,0
140,55,422,17,17,0,0
140,55,422,17,17,0,0
140,38,422,17,17,0,0
140,38,422,17,17,0,0

[server_name_panel]
SetIndex: 292
ItemCount: 1
137,0,458,136,23,0,0

[combine_Convert_2]
SetIndex: 298
ItemCount: 1
183,0,0,227,282,0,0

[ExpLamp_2]
SetIndex: 302
ItemCount: 2
134,343,68,17,17,0,0
134,325,68,17,17,0,0

[Hellgate_btn_2_1]
SetIndex: 303
ItemCount: 5
194,9,61,49,97,0,0
193,0,0,49,97,0,0
193,0,0,49,97,0,0
193,0,0,49,97,0,0
194,9,61,49,97,0,0

[Hellgate_btn_2_2]
SetIndex: 304
ItemCount: 5
194,62,61,49,97,0,0
193,49,0,49,97,0,0
193,49,0,49,97,0,0
193,49,0,49,97,0,0
194,62,61,49,97,0,0

[Hellgate_1]
SetIndex: 305
ItemCount: 1
195,0,0,234,256,0,0

[Hellgate_2]
SetIndex: 306
ItemCount: 1
196,0,0,234,163,0,0

[NEW_UI_Hellgate]
SetIndex: 307
ItemCount: 1
194,0,0,227,421,0,0

[Hellgate_btn]
SetIndex: 308
ItemCount: 5
196,1,164,23,23,0,0
196,25,164,23,23,0,0
196,25,164,23,23,0,0
196,25,164,23,23,0,0
196,1,164,23,23,0,0

[Hellgate_btn_1_1]
SetIndex: 309
ItemCount: 5
195,5,79,56,105,0,0
193,1,100,56,105,0,0
193,1,100,56,105,0,0
193,1,100,56,105,0,0
193,5,79,56,105,0,0

[Hellgate_btn_1_2]
SetIndex: 310
ItemCount: 5
195,61,79,56,105,0,0
193,57,100,56,105,0,0
193,57,100,56,105,0,0
193,57,100,56,105,0,0
193,61,79,56,105,0,0

[Hellgate_btn_1_3]
SetIndex: 311
ItemCount: 5
195,116,79,56,105,0,0
193,112,100,56,105,0,0
193,112,100,56,105,0,0
193,112,100,56,105,0,0
193,116,79,56,105,0,0

[Hellgate_btn_1_4]
SetIndex: 312
ItemCount: 5
195,172,79,56,105,0,0
193,168,100,56,105,0,0
193,168,100,56,105,0,0
193,168,100,56,105,0,0
193,172,79,56,105,0,0

[Hellgate_Btn_2]
SetIndex: 313
ItemCount: 5
194,0,422,78,23,0,0
194,0,422,78,23,0,0
194,0,422,78,23,0,0
194,0,422,78,23,0,0
194,0,422,78,23,0,0

[Hellgate_btn_2_3]
SetIndex: 314
ItemCount: 5
194,115,61,49,97,0,0
193,98,0,49,97,0,0
193,98,0,49,97,0,0
193,98,0,49,97,0,0
194,115,61,49,97,0,0

[Hellgate_btn_2_4]
SetIndex: 315
ItemCount: 5
194,168,61,49,97,0,0
193,147,0,49,97,0,0
193,147,0,49,97,0,0
193,147,0,49,97,0,0
194,168,61,49,97,0,0

[GoldBug]
SetIndex: 316
ItemCount: 1
0,0,67,32,37,0,0

[JACKPOT_1]
SetIndex: 318
ItemCount: 1
206,0,0,135,256,0,0

[NEW_UI_JACKPOT]
SetIndex: 319
ItemCount: 1
207,0,0,227,421,0,0

[JACKPOT_btn_1]
SetIndex: 320
ItemCount: 5
211,1,0,31,36,0,0
211,1,0,31,36,0,0
210,1,0,31,36,0,0
211,1,0,31,36,0,0
211,1,0,31,36,0,0

[JACKPOT_btn_2]
SetIndex: 321
ItemCount: 5
211,32,0,23,36,0,0
211,32,0,23,36,0,0
210,32,0,23,36,0,0
211,32,0,23,36,0,0
211,32,0,23,36,0,0

[JACKPOT_btn_3]
SetIndex: 322
ItemCount: 5
211,56,0,23,36,0,0
211,56,0,23,36,0,0
210,56,0,23,36,0,0
211,56,0,23,36,0,0
211,56,0,23,36,0,0

[JACKPOT_btn_4]
SetIndex: 323
ItemCount: 5
211,79,0,31,36,0,0
211,79,0,31,36,0,0
210,79,0,31,36,0,0
211,79,0,31,36,0,0
211,79,0,31,36,0,0

[JACKPOT_btn_5]
SetIndex: 324
ItemCount: 5
211,0,36,31,36,0,0
211,0,36,31,36,0,0
210,0,36,31,36,0,0
211,0,36,31,36,0,0
211,0,36,31,36,0,0

[JACKPOT_btn_6]
SetIndex: 325
ItemCount: 5
211,33,36,23,36,0,0
211,33,36,23,36,0,0
210,33,36,23,36,0,0
211,33,36,23,36,0,0
211,33,36,23,36,0,0

[JACKPOT_btn_7]
SetIndex: 326
ItemCount: 5
211,56,36,23,36,0,0
211,56,36,23,36,0,0
210,56,36,23,36,0,0
211,56,36,23,36,0,0
211,56,36,23,36,0,0

[JACKPOT_btn_8]
SetIndex: 327
ItemCount: 5
211,79,36,31,36,0,0
211,79,36,31,36,0,0
210,79,36,31,36,0,0
211,79,36,31,36,0,0
211,79,36,31,36,0,0

[JACKPOT_btn_9]
SetIndex: 328
ItemCount: 5
211,0,71,57,55,0,0
211,0,71,57,55,0,0
210,0,71,57,55,0,0
211,0,71,57,55,0,0
211,0,71,57,55,0,0

[JACKPOT_btn_10]
SetIndex: 329
ItemCount: 5
211,58,72,57,56,0,0
211,58,72,57,56,0,0
210,58,72,57,56,0,0
211,58,72,57,56,0,0
211,58,72,57,56,0,0

[JACKPOT_REELA_1]
SetIndex: 339
ItemCount: 1
208,0,0,62,62,0,0

[JACKPOT_REELA_2]
SetIndex: 338
ItemCount: 1
208,62,0,62,62,0,0

[JACKPOT_REELA_3]
SetIndex: 337
ItemCount: 1
208,124,0,62,62,0,0

[JACKPOT_REELA_4]
SetIndex: 336
ItemCount: 1
208,186,0,62,62,0,0

[JACKPOT_REELA_5]
SetIndex: 335
ItemCount: 1
208,0,62,62,62,0,0

[JACKPOT_REELA_6]
SetIndex: 334
ItemCount: 1
208,62,62,62,62,0,0

[JACKPOT_REELA_7]
SetIndex: 333
ItemCount: 1
208,124,62,62,62,0,0

[JACKPOT_REELA_8]
SetIndex: 332
ItemCount: 1
208,186,62,62,62,0,0

[JACKPOT_REELA_9]
SetIndex: 331
ItemCount: 1
208,0,124,62,62,0,0

[JACKPOT_REELA_10]
SetIndex: 330
ItemCount: 1
208,62,124,62,62,0,0


[JACKPOT_REELB_10]
SetIndex: 340
ItemCount: 1
209,62,124,62,62,0,0

[JACKPOT_REELB_9]
SetIndex: 341
ItemCount: 1
209,0,124,62,62,0,0

[JACKPOT_REELB_8]
SetIndex: 342
ItemCount: 1
209,186,62,62,62,0,0

[JACKPOT_REELB_7]
SetIndex: 343
ItemCount: 1
209,124,62,62,62,0,0

[JACKPOT_REELB_6]
SetIndex: 344
ItemCount: 1
209,62,62,62,62,0,0

[JACKPOT_REELB_5]
SetIndex: 345
ItemCount: 1
209,0,62,62,62,0,0

[JACKPOT_REELB_4]
SetIndex: 346
ItemCount: 1
209,186,0,62,62,0,0

[JACKPOT_REELB_3]
SetIndex: 347
ItemCount: 1
209,124,0,62,62,0,0

[JACKPOT_REELB_2]
SetIndex: 348
ItemCount: 1
209,62,0,62,62,0,0

[JACKPOT_REELB1]
SetIndex: 349
ItemCount: 1
209,0,0,62,62,0,0

[JACKPOT_BOX]
SetIndex: 350
ItemCount: 1
212,0,0,62,62,0,0

[JACKPOT_BOX2]
SetIndex: 351
ItemCount: 1
212,65,0,62,62,0,0

[JACKPOT_POTNUM1]
SetIndex: 355
ItemCount: 11
206,213,172,26,43,0,0
206,187,86,26,43,0,0
206,213,86,26,43,0,0
206,135,129,26,43,0,0
206,161,129,26,43,0,0
206,187,129,26,43,0,0
206,213,129,26,43,0,0
206,135,172,26,43,0,0
206,161,172,26,43,0,0
206,187,172,26,43,0,0
206,135,0,26,43,0,0

[JACKPOT_5]
SetIndex: 356
ItemCount: 1
207,0,423,160,25,0,0

[Age12]
SetIndex: 357
ItemCount: 1
0,32,69,32,32,0,0

[Age18]
SetIndex: 358
ItemCount: 1
0,64,69,32,32,0,0

[AgeMark2]
SetIndex: 359
ItemCount: 1
0,197,197,59,59,0,0

[NEW_UI_CombineTansAtt]
SetIndex: 362
ItemCount: 1
227,0,286,80,20,0,0

[NEW_UI_CombineTansAtt]
SetIndex: 363
ItemCount: 1
227,0,0,227,285,0,0

[CPHOLD]
SetIndex: 364
ItemCount: 1
0,96,66,50,36,0,0

[QUESTMEMO]
SetIndex: 365
ItemCount: 5
0,160,66,37,38,0,0
0,197,66,37,38,0,0
0,197,66,37,38,0,0
0,160,66,37,38,0,0
0,160,66,37,38,0,0

[NEW_UI_POTAL]
SetIndex: 366
ItemCount: 1
233,0,0,329,233,0,0

[Mix5]
SetIndex: 368
ItemCount: 1
235,0,0,227,285,0,0

[ItemMix5_title]
SetIndex: 369
ItemCount: 1
236,0,0,234,256,0,0

[QuizButton01]
SetIndex: 371
ItemCount: 5
0,4,116,25,25,0,0
0,132,116,25,25,0,0
0,4,148,25,25,0,0
0,132,116,25,25,0,0
0,4,148,25,25,0,0

[QuizButton02]
SetIndex: 372
ItemCount: 5
0,36,116,25,25,0,0
0,164,116,25,25,0,0
0,36,148,25,25,0,0
0,164,116,25,25,0,0
0,36,148,25,25,0,0

[QuizButton03]
SetIndex: 373
ItemCount: 5
0,68,116,25,25,0,0
0,196,116,25,25,0,0
0,68,148,25,25,0,0
0,196,116,25,25,0,0
0,68,148,25,25,0,0

[QuizButton04]
SetIndex: 374
ItemCount: 5
0,100,116,25,25,0,0
0,228,116,25,25,0,0
0,100,148,25,25,0,0
0,228,116,25,25,0,0
0,100,148,25,25,0,0

[FireWorkBtn01]
SetIndex: 375
ItemCount: 5
0,0,174,24,24,0,0
0,24,174,24,24,0,0
0,24,174,24,24,0,0
0,48,174,24,24,0,0
0,0,174,24,24,0,0

[FireWorkBtn02]
SetIndex: 376
ItemCount: 5
0,72,174,24,24,0,0
0,96,174,24,24,0,0
0,96,174,24,24,0,0
0,120,174,24,24,0,0
0,72,174,24,24,0,0

[FireWorkBtn03]
SetIndex: 377
ItemCount: 5
0,0,198,24,24,0,0
0,24,198,24,24,0,0
0,24,198,24,24,0,0
0,48,198,24,24,0,0
0,0,198,24,24,0,0

[FireWorkBtn04]
SetIndex: 378
ItemCount: 5
0,72,198,24,24,0,0
0,96,198,24,24,0,0
0,96,198,24,24,0,0
0,120,198,24,24,0,0
0,72,198,24,24,0,0

[FireWorkBtn05]
SetIndex: 379
ItemCount: 5
0,0,222,24,24,0,0
0,24,222,24,24,0,0
0,24,222,24,24,0,0
0,48,222,24,24,0,0
0,0,222,24,24,0,0

[FireWorkBtn06]
SetIndex: 380
ItemCount: 5
0,72,222,24,24,0,0
0,96,222,24,24,0,0
0,96,222,24,24,0,0
0,120,222,24,24,0,0
0,72,222,24,24,0,0

[NormalBtn]
SetIndex: 381
ItemCount: 3
133,108,342,70,21,0,0
133,108,342,70,21,0,0
133,108,342,70,21,0,0

[Toto_BG]
SetIndex: 382
ItemCount: 1
238,0,0,434,179,0,0

[Toto_Btn_Select]
SetIndex: 383
ItemCount: 3
238,243,15,33,17,0,0
238,243,15,33,17,0,0
238,243,15,33,17,0,0

[Toto_Btn_Confirm]
SetIndex: 384
ItemCount: 3
238,385,154,33,17,0,0
238,385,154,33,17,0,0
238,385,154,33,17,0,0

[Classic_PGT]
SetIndex: 390
ItemCount: 1
249,0,0,256,97,0,0

[NewUI_Minibar_Panel]
SetIndex: 397
ItemCount: 1
134,474,0,38,215,0,0

[NewUI_Minibar_Char]
SetIndex: 398
ItemCount: 1
134,479,4,28,28,0,0

[NewUI_Minibar_Inven]
SetIndex: 399
ItemCount: 1
134,479,34,28,28,0,0

[NewUI_Minibar_Skill]
SetIndex: 400
ItemCount: 1
134,479,64,28,28,0,0

[NewUI_Minibar_Quest]	
SetIndex: 401
ItemCount: 1
134,479,94,28,28,0,0

[NewUI_Minibar_Trade]	
SetIndex: 402
ItemCount: 1
134,479,124,28,28,0,0

[NewUI_Minibar_Help]	
SetIndex: 403
ItemCount: 1
134,479,154,28,28,0,0

[NewUI_Minibar_System]	
SetIndex: 404
ItemCount: 5
134,479,184,28,28,0,0
134,479,184,28,28,0,0
134,479,184,28,28,0,0
134,479,184,28,28,0,0
134,479,184,28,28,0,0

[NewUI_CallMenu]	
SetIndex: 405
ItemCount: 5
134,393,0,40,38,0,0
134,393,0,40,38,0,0
134,433,0,40,38,0,0
134,433,0,40,38,0,0
134,393,0,40,38,0,0

[NewUI_Skillbar]
SetIndex: 406
ItemCount: 1
134,0,155,264,38,0,0

[NewUI_Skillbar_Up]
SetIndex: 407
ItemCount: 5
134,461,79,11,11,0,0
134,449,79,11,11,0,0
134,449,79,11,11,0,0
134,449,79,11,11,0,0
134,461,79,11,11,0,0

[NewUI_Skillbar_Down]
SetIndex: 408
ItemCount: 5
134,461,90,11,11,0,0
134,449,90,11,11,0,0
134,449,90,11,11,0,0
134,449,90,11,11,0,0
134,461,90,11,11,0,0

[NewUI_Stat]
SetIndex: 409
ItemCount: 1
134,0,207,185,49,0,0

[NewUI_ChaBar_BG]
SetIndex: 410
ItemCount: 1
134,201,218,311,38,0,0

[NewUI_MainInfo]
SetIndex: 411
ItemCount: 1
134,0,0,206,132,0,0

[NewUI_MainInfo_HPBox]
SetIndex: 412
ItemCount: 1
134,0,132,72,22,0,0

[NewUI_MainInfo_ExpLamp]
SetIndex: 413
ItemCount: 2
134,186,236,10,10,0,0
134,186,246,10,10,0,0

[NewUI_MainInfo_ExpProg]
SetIndex: 414
ItemCount: 1
134,0,193,173,13,0,0

[NewUI_ChatBar_General]
SetIndex: 415
ItemCount: 4
134,360,240,50,15,0,0
134,360,240,50,15,0,0
134,360,240,50,15,0,0
134,360,240,50,15,0,0

[NewUI_ChatBar_Party]
SetIndex: 416
ItemCount: 4
134,360,240,50,15,0,0
134,360,240,50,15,0,0
134,360,240,50,15,0,0
134,360,240,50,15,0,0

[NewUI_ChatBar_Whipser]
SetIndex: 417
ItemCount: 4
134,360,240,50,15,0,0
134,360,240,50,15,0,0
134,360,240,50,15,0,0
134,360,240,50,15,0,0

[NewUI_ChatBar_Guild]
SetIndex: 418
ItemCount: 4
134,360,240,50,15,0,0
134,360,240,50,15,0,0
134,360,240,50,15,0,0
134,360,240,50,15,0,0

[NewUI_MainInfo_HPProgress]
SetIndex: 419
ItemCount: 2
134,208,0,76,77,0,0
134,208,0,4,4,0,0

[NewUI_MainInfo_HPProgressTR]
SetIndex: 420
ItemCount: 2
134,208,0,76,77,0,0
134,208,0,4,4,0,0

[NewUI_MainInfo_MPProgress]
SetIndex: 421
ItemCount: 2
134,287,0,101,28,0,0
134,208,0,4,4,0,0

[NewUI_MainInfo_MHPProgress]
SetIndex: 422
ItemCount: 5
134,208,84,71,8,0,0
134,208,0,4,4,0,0
134,208,84,71,8,0,0
134,208,84,71,8,0,0
134,208,84,71,8,0,0

[NewUI_Scroll_Up2]
SetIndex: 423
ItemCount: 1
134,461,79,11,11,0,0

[NewUI_Scroll_Down2]
SetIndex: 424
ItemCount: 1
134,461,90,11,11,0,0

[NewUI_Scroll_Bar2]
SetIndex: 425
ItemCount: 1
134,435,83,13,18,0,0

[NewUI_Scroll2]
SetIndex: 426
ItemCount: 1
134,456,119,13,81,0,0

[NewUI_sKILBar_Check]
SetIndex: 427
ItemCount: 3
0,0,0,0,0,0,0
362,3,59,29,30,0,0
362,3,59,29,30,0,0

[NewUI_Minibar_Selecter]
SetIndex: 428
ItemCount: 3
0,0,0,0,0,0,0
362,36,59,44,45,0,0
362,36,59,44,45,0,0

[main_info1_bg2]
SetIndex: 443
ItemCount: 1
134,0,68,324,49,0,0

[NewUI_CommonBox]
SetIndex: 444
ItemCount: 1
250,0,0,492,420,0,0

[NewUI_Party]
SetIndex: 445
ItemCount: 1
133,0,0,110,303,0,0

[NewUI_AutoTrade_BG]
SetIndex: 446
ItemCount: 1
125,0,206,143,50,0,0

[Pachinko_CollisionBoard]
SetIndex: 447
ItemCount: 1
251,0,0,800,600,0,0

[Pachinko_Background]
SetIndex: 448
ItemCount: 1
252,0,0,800,600,0,0

[Pachinko_Roll]
SetIndex: 449
ItemCount: 9
253,0,0,61,61,0,0
253,0,62,61,61,0,0
253,0,124,61,61,0,0
253,62,0,61,61,0,0
253,62,62,61,61,0,0
253,62,124,61,61,0,0
253,124,0,61,61,0,0
253,124,62,61,61,0,0
253,186,0,61,61,0,0

[Pachinko_Button_Ball]
SetIndex: 450
ItemCount: 1
254,246,101,10,10,0,0

[Pachinko_Button_Play]
SetIndex: 451
ItemCount: 3
254,83,0,74,76,0,0
254,83,0,74,76,0,0
254,83,0,74,76,0,0

[Pachinko_Button_LeftArrow]
SetIndex: 452
ItemCount: 3
254,0,205,22,25,0,0
254,0,205,22,25,0,0
254,0,205,22,25,0,0

[Pachinko_Button_RightArrow]
SetIndex: 453
ItemCount: 3
254,24,205,22,25,0,0
254,24,205,22,25,0,0
254,24,205,22,25,0,0

[game_mauto]
SetIndex: 455
ItemCount: 3
305,92,98,29,29,0,0
305,92,98,29,29,0,0
305,92,98,29,29,0,0

[game_sauto]
SetIndex: 456
ItemCount: 3
305,62,98,29,29,0,0
305,62,98,29,29,0,0
305,62,98,29,29,0,0


[Game_Grade]
SetIndex: 457
ItemCount: 1
262,0,0,103,240,0,0

[game_auto_off]
SetIndex: 458
ItemCount: 3
305,212,98,29,29,0,0
305,212,98,29,29,0,0
305,212,98,29,29,0,0

[game_auto_opt]
SetIndex: 459
ItemCount: 3
305,122,98,29,29,0,0
305,122,98,29,29,0,0
305,122,98,29,29,0,0



[game_auto_p1]
SetIndex: 460
ItemCount: 3
305,122,98,29,29,0,0
305,122,98,29,29,0,0
305,122,98,29,29,0,0

[game_auto_p2]
SetIndex: 461
ItemCount: 3
305,152,98,29,29,0,0
305,152,98,29,29,0,0
305,152,98,29,29,0,0

[game_auto_p3]
SetIndex: 462
ItemCount: 3
305,152,98,29,29,0,0
305,152,98,29,29,0,0
305,152,98,29,29,0,0

[game_auto_type1]
SetIndex: 463
ItemCount: 3
305,32,98,29,29,0,0
305,32,98,29,29,0,0
305,32,98,29,29,0,0

[game_auto_type2]
SetIndex: 464
ItemCount: 3
305,2,98,29,29,0,0
305,2,98,29,29,0,0
305,2,98,29,29,0,0


[game_auto_type3]
SetIndex: 465
ItemCount: 3
305,242,98,29,29,0,0
305,242,98,29,29,0,0
305,242,98,29,29,0,0


[game_auto_p0]
SetIndex: 466
ItemCount: 3
134,287,70,31,31,0,0
134,287,70,31,31,0,0
134,287,70,31,31,0,0

[n_sev_selectpannel]
SetIndex: 467
ItemCount: 1
300,0,0,287,259,0,0

[n_newinven]
SetIndex: 468
ItemCount: 1
301,0,0,400,538,0,0

[n_newskill]
SetIndex: 469
ItemCount: 1
302,0,0,400,538,0,0

[n_newskillmaster]
SetIndex: 470
ItemCount: 1
303,0,0,400,538,0,0

[mainUI_right]
SetIndex: 471
ItemCount: 1
304,64,152,128,103,0,0

[mainUI_left]
SetIndex: 472
ItemCount: 1
304,193,146,128,110,0,0

[mainUI_left_mountHPback]
SetIndex: 473
ItemCount: 1
304,98,106,36,35,0,0

[mainUI_left_hp]
SetIndex: 474
ItemCount: 2
304,419,71,93,93,0,0
304,419,164,93,93,0,0

[mainUI_right_mp]
SetIndex: 475
ItemCount: 2
304,325,71,93,93,0,0
304,325,164,93,93,0,0

[mainUI_left_mountHP]
SetIndex: 476
ItemCount: 2
304,64,106,35,35,0,0
304,101,106,35,35,0,0

[mainUI_center]
SetIndex: 477
ItemCount: 1
305,2,25,614,69,0,0

[NewUI_MainInfo_ExpLamp]
SetIndex: 478
ItemCount: 2
347,22,10,12,12,0,0
347,10,10,12,12,0,0

[NewUI_MainInfo_Exppbar]
SetIndex: 479
ItemCount: 1
305,2,10,45,4,0,0

[newUI_chat]
SetIndex: 480
ItemCount: 1
304,106,0,406,37,0,0

[newUI_chat]
SetIndex: 481
ItemCount: 1
304,315,19,50,18,0,0

[newUI_check]
SetIndex: 482
ItemCount: 4
304,260,90,18,17,0,0
304,260,90,18,17,0,0
304,63,0,18,17,0,0
304,63,0,18,17,0,0

[newUI_storage]
SetIndex: 483
ItemCount: 1
306,0,0,400,538,0,0

[newUI_store]
SetIndex: 484
ItemCount: 1
307,0,0,400,538,0,0

[newUI_char]
SetIndex: 485
ItemCount: 1
308,0,0,400,538,0,0

[newUI_set_skilbltleft]
SetIndex: 486
ItemCount: 5
305,617,8,13,13,0,0
305,617,8,13,13,0,0
305,617,8,13,13,0,0
305,617,8,13,13,0,0
305,617,8,13,13,0,0

[newUI_set_skilbltright]
SetIndex: 487
ItemCount: 5
305,641,8,13,13,0,0
305,641,8,13,13,0,0
305,641,8,13,13,0,0
305,641,8,13,13,0,0
305,641,8,13,13,0,0

[newUI_skilSel]
SetIndex: 488
ItemCount: 1
304,61,16,23,5,0,0


[N_grid_cover]
SetIndex: 489
ItemCount: 126
309,450,400,30,30,0,0
309,450,400,30,30,0,0
309,450,400,30,30,0,0
309,450,400,30,30,0,0
309,450,400,30,30,0,0
309,450,400,30,30,0,0
309,450,400,30,30,0,0
309,450,400,30,30,0,0
309,450,400,30,30,0,0
309,450,400,30,30,0,0
309,450,400,30,30,0,0
309,450,400,30,30,0,0
309,450,400,30,30,0,0
309,450,400,30,30,0,0
309,450,400,30,30,0,0
309,450,400,30,30,0,0
309,450,400,30,30,0,0
309,450,400,30,30,0,0
309,450,400,30,30,0,0
309,450,400,30,30,0,0
309,450,400,30,30,0,0
309,450,400,30,30,0,0
309,450,400,30,30,0,0
309,450,400,30,30,0,0
309,450,400,30,30,0,0
309,450,400,30,30,0,0
309,450,400,30,30,0,0
309,450,400,30,30,0,0
309,450,400,30,30,0,0
309,450,400,30,30,0,0
309,450,400,30,30,0,0
309,450,400,30,30,0,0
309,450,400,30,30,0,0
309,450,400,30,30,0,0
309,450,400,30,30,0,0
309,450,400,30,30,0,0
309,450,400,30,30,0,0
309,450,400,30,30,0,0
309,450,400,30,30,0,0
309,450,400,30,30,0,0
309,450,400,30,30,0,0
309,450,400,30,30,0,0
309,450,400,30,30,0,0
309,450,400,30,30,0,0
309,450,400,30,30,0,0
309,450,400,30,30,0,0
309,450,400,30,30,0,0
309,450,400,30,30,0,0
309,450,400,30,30,0,0
309,450,400,30,30,0,0
309,450,400,30,30,0,0
309,450,400,30,30,0,0
309,450,400,30,30,0,0
309,450,400,30,30,0,0
309,450,400,30,30,0,0
309,450,400,30,30,0,0
309,450,400,30,30,0,0
309,450,400,30,30,0,0
309,450,400,30,30,0,0
309,450,400,30,30,0,0
309,450,400,30,30,0,0
309,450,400,30,30,0,0
309,450,400,30,30,0,0
309,450,400,30,30,0,0
309,450,400,30,30,0,0
309,450,400,30,30,0,0
309,450,400,30,30,0,0
309,450,400,30,30,0,0
309,450,400,30,30,0,0
309,450,400,30,30,0,0
309,450,400,30,30,0,0
309,450,400,30,30,0,0
309,450,400,30,30,0,0
309,450,400,30,30,0,0
309,450,400,30,30,0,0
309,450,400,30,30,0,0
309,450,400,30,30,0,0
309,450,400,30,30,0,0
309,450,400,30,30,0,0
309,450,400,30,30,0,0
309,450,400,30,30,0,0
309,450,400,30,30,0,0
309,450,400,30,30,0,0
309,450,400,30,30,0,0
309,450,400,30,30,0,0
309,450,400,30,30,0,0
309,450,400,30,30,0,0
309,450,400,30,30,0,0
309,450,400,30,30,0,0
309,450,400,30,30,0,0
309,450,400,30,30,0,0
309,450,400,30,30,0,0
309,450,400,30,30,0,0
309,450,400,30,30,0,0
309,450,400,30,30,0,0
309,450,400,30,30,0,0
309,450,400,30,30,0,0
309,450,400,30,30,0,0
309,450,400,30,30,0,0
309,450,400,30,30,0,0
309,450,400,30,30,0,0
309,450,400,30,30,0,0
309,450,400,30,30,0,0
309,450,400,30,30,0,0
309,450,400,30,30,0,0
309,450,400,30,30,0,0
309,450,400,30,30,0,0
309,450,400,30,30,0,0
309,450,400,30,30,0,0
309,450,400,30,30,0,0
309,450,400,30,30,0,0
309,450,400,30,30,0,0
309,450,400,30,30,0,0
309,450,400,30,30,0,0
309,450,400,30,30,0,0
309,450,400,30,30,0,0
309,450,400,30,30,0,0
309,450,400,30,30,0,0
309,450,400,30,30,0,0
309,450,400,30,30,0,0
309,450,400,30,30,0,0
309,450,400,30,30,0,0
309,450,400,30,30,0,0
309,450,400,30,30,0,0
309,450,400,30,30,0,0
309,450,400,30,30,0,0

[N_money_btn]
SetIndex: 490
ItemCount: 5
301,60,491,18,19,0,0
301,61,492,18,19,0,0
301,61,492,18,19,0,0
301,60,491,18,19,0,0
301,60,491,18,19,0,0

[N_MINIPANEL_BG]
SetIndex: 491
ItemCount: 1
304,166,70,64,44,0,0

[N_mini_button_bg]
SetIndex: 492
ItemCount: 1
305,280,98,210,30,0,0

[N_combine_return]
SetIndex: 493
ItemCount: 1
310,0,0,400,538,0,0

[N_combine_10tem]
SetIndex: 494
ItemCount: 1
311,0,0,400,538,0,0

[N_itemMix]
SetIndex: 495
ItemCount: 1
312,0,0,400,538,0,0

[N_itemMixacien]
SetIndex: 496
ItemCount: 1
313,0,0,400,538,0,0

[N_itemMix5]
SetIndex: 497
ItemCount: 1
314,0,0,400,538,0,0

[newUI_check2]
SetIndex: 498
ItemCount: 3
305,520,98,13,30,0,0
305,520,98,13,30,0,0
305,520,98,13,30,0,0

[newUI_login]
SetIndex: 499
ItemCount: 1
309,0,0,255,171,0,0

[newUI_selchar]
SetIndex: 500
ItemCount: 1
315,0,0,400,538,0,0

[newuiPopup]
SetIndex: 501
ItemCount: 1
309,0,171,256,172,0,0

[newuimessage]
SetIndex: 502
ItemCount: 1
304,75,84,76,20,0,0

[newuiMessagePanelL2]
SetIndex: 503
ItemCount: 1
304,64,84,11,20,0,0

[newuiMessagePanelR2]
SetIndex: 504
ItemCount: 1
304,151,84,11,20,0,0

[newuisystemmenu]
SetIndex: 505
ItemCount: 1
309,0,342,257,170,0,0

[newuiinput]
SetIndex: 506
ItemCount: 1
309,256,171,257,136,0,0

[NewUI_Scroll_Up2]
SetIndex: 507
ItemCount: 1
316,351,113,25,33,0,0

[NewUI_Scroll_Down2]
SetIndex: 508
ItemCount: 1
316,351,167,25,33,0,0

[NewUI_Scroll_Bar2]
SetIndex: 509
ItemCount: 1
316,435,83,13,18,0,0

[NewUI_Scroll2]
SetIndex: 510
ItemCount: 1
316,456,119,13,81,0,0

[NewUI_helpNquest]
SetIndex: 511
ItemCount: 1
316,0,0,400,538,0,0

[newuiautotrade]
SetIndex: 512
ItemCount: 1
309,257,406,140,43,0,0

[newUI_makechr]
SetIndex: 513
ItemCount: 1
317,0,0,400,538,0,0

[newUI_selchrbtn]
SetIndex: 514
ItemCount: 1
309,256,307,141,99,0,0

[newUI_autotrd]
SetIndex: 515
ItemCount: 1
318,0,0,400,538,0,0

[trade_start_btn2]
SetIndex: 516
ItemCount: 5
304,64,0,17,17,0,0
304,64,0,17,17,0,0
304,64,0,17,17,0,0
304,64,0,17,17,0,0
304,64,0,17,17,0,0

[newUI_trd]
SetIndex: 517
ItemCount: 1
319,0,0,400,538,0,0

[nuitrade_check]
SetIndex: 518
ItemCount: 5
319,311,274,17,17,0,0
304,64,0,17,17,0,0
304,64,0,17,17,0,0
304,64,0,17,17,0,0
304,64,0,17,17,0,0

[nuipartyxbtn]
SetIndex: 519
ItemCount: 1
304,65,86,98,21,0,0

[newUI_autoR]
SetIndex: 520
ItemCount: 1
320,0,0,400,538,0,0

[nuiserversel]
SetIndex: 521
ItemCount: 1
300,141,0,146,259,0,0

[nuipotal]
SetIndex: 522
ItemCount: 1
321,0,0,400,538,0,0

[nuichatback]
SetIndex: 523
ItemCount: 1
322,0,0,510,58,0,0

[itemlock]
SetIndex: 524
ItemCount: 1
324,0,0,314,228,0,0

[ccmode]
SetIndex: 525
ItemCount: 1
305,110,23,30,30,0,0

[ItemIcon]
SetIndex: 526
ItemCount: 1300
326,0,0,35,35,0,0
326,35,0,35,35,0,0
326,70,0,35,35,0,0
326,105,0,35,35,0,0
326,140,0,35,35,0,0
326,175,0,35,35,0,0
326,210,0,35,35,0,0
326,245,0,35,35,0,0
326,280,0,35,35,0,0
326,315,0,35,35,0,0
326,0,35,35,35,0,0
326,35,35,35,35,0,0
326,70,35,35,35,0,0
326,105,35,35,35,0,0
326,140,35,35,35,0,0
326,175,35,35,35,0,0
326,210,35,35,35,0,0
326,245,35,35,35,0,0
326,280,35,35,35,0,0
326,315,35,35,35,0,0
326,0,70,35,35,0,0
326,35,70,35,35,0,0
326,70,70,35,35,0,0
326,105,70,35,35,0,0
326,140,70,35,35,0,0
326,175,70,35,35,0,0
326,210,70,35,35,0,0
326,245,70,35,35,0,0
326,280,70,35,35,0,0
326,315,70,35,35,0,0
326,0,105,35,35,0,0
326,35,105,35,35,0,0
326,70,105,35,35,0,0
326,105,105,35,35,0,0
326,140,105,35,35,0,0
326,175,105,35,35,0,0
326,210,105,35,35,0,0
326,245,105,35,35,0,0
326,280,105,35,35,0,0
326,315,105,35,35,0,0
326,0,140,35,35,0,0
326,35,140,35,35,0,0
326,70,140,35,35,0,0
326,105,140,35,35,0,0
326,140,140,35,35,0,0
326,175,140,35,35,0,0
326,210,140,35,35,0,0
326,245,140,35,35,0,0
326,280,140,35,35,0,0
326,315,140,35,35,0,0
326,0,175,35,35,0,0
326,35,175,35,35,0,0
326,70,175,35,35,0,0
326,105,175,35,35,0,0
326,140,175,35,35,0,0
326,175,175,35,35,0,0
326,210,175,35,35,0,0
326,245,175,35,35,0,0
326,280,175,35,35,0,0
326,315,175,35,35,0,0
326,0,210,35,35,0,0
326,35,210,35,35,0,0
326,70,210,35,35,0,0
326,105,210,35,35,0,0
326,140,210,35,35,0,0
326,175,210,35,35,0,0
326,210,210,35,35,0,0
326,245,210,35,35,0,0
326,280,210,35,35,0,0
326,315,210,35,35,0,0
326,0,245,35,35,0,0
326,35,245,35,35,0,0
326,70,245,35,35,0,0
326,105,245,35,35,0,0
326,140,245,35,35,0,0
326,175,245,35,35,0,0
326,210,245,35,35,0,0
326,245,245,35,35,0,0
326,280,245,35,35,0,0
326,315,245,35,35,0,0
326,0,280,35,35,0,0
326,35,280,35,35,0,0
326,70,280,35,35,0,0
326,105,280,35,35,0,0
326,140,280,35,35,0,0
326,175,280,35,35,0,0
326,210,280,35,35,0,0
326,245,280,35,35,0,0
326,280,280,35,35,0,0
326,315,280,35,35,0,0
326,0,315,35,35,0,0
326,35,315,35,35,0,0
326,70,315,35,35,0,0
326,105,315,35,35,0,0
326,140,315,35,35,0,0
326,175,315,35,35,0,0
326,210,315,35,35,0,0
326,245,315,35,35,0,0
326,280,315,35,35,0,0
326,315,315,35,35,0,0
329,0,0,35,35,0,0
329,35,0,35,35,0,0
329,70,0,35,35,0,0
329,105,0,35,35,0,0
329,140,0,35,35,0,0
329,175,0,35,35,0,0
329,210,0,35,35,0,0
329,245,0,35,35,0,0
329,280,0,35,35,0,0
329,315,0,35,35,0,0
329,0,35,35,35,0,0
329,35,35,35,35,0,0
329,70,35,35,35,0,0
329,105,35,35,35,0,0
329,140,35,35,35,0,0
329,175,35,35,35,0,0
329,210,35,35,35,0,0
329,245,35,35,35,0,0
329,280,35,35,35,0,0
329,315,35,35,35,0,0
329,0,70,35,35,0,0
329,35,70,35,35,0,0
329,70,70,35,35,0,0
329,105,70,35,35,0,0
329,140,70,35,35,0,0
329,175,70,35,35,0,0
329,210,70,35,35,0,0
329,245,70,35,35,0,0
329,280,70,35,35,0,0
329,315,70,35,35,0,0
329,0,105,35,35,0,0
329,35,105,35,35,0,0
329,70,105,35,35,0,0
329,105,105,35,35,0,0
329,140,105,35,35,0,0
329,175,105,35,35,0,0
329,210,105,35,35,0,0
329,245,105,35,35,0,0
329,280,105,35,35,0,0
329,315,105,35,35,0,0
329,0,140,35,35,0,0
329,35,140,35,35,0,0
329,70,140,35,35,0,0
329,105,140,35,35,0,0
329,140,140,35,35,0,0
329,175,140,35,35,0,0
329,210,140,35,35,0,0
329,245,140,35,35,0,0
329,280,140,35,35,0,0
329,315,140,35,35,0,0
329,0,175,35,35,0,0
329,35,175,35,35,0,0
329,70,175,35,35,0,0
329,105,175,35,35,0,0
329,140,175,35,35,0,0
329,175,175,35,35,0,0
329,210,175,35,35,0,0
329,245,175,35,35,0,0
329,280,175,35,35,0,0
329,315,175,35,35,0,0
329,0,210,35,35,0,0
329,35,210,35,35,0,0
329,70,210,35,35,0,0
329,105,210,35,35,0,0
329,140,210,35,35,0,0
329,175,210,35,35,0,0
329,210,210,35,35,0,0
329,245,210,35,35,0,0
329,280,210,35,35,0,0
329,315,210,35,35,0,0
329,0,245,35,35,0,0
329,35,245,35,35,0,0
329,70,245,35,35,0,0
329,105,245,35,35,0,0
329,140,245,35,35,0,0
329,175,245,35,35,0,0
329,210,245,35,35,0,0
329,245,245,35,35,0,0
329,280,245,35,35,0,0
329,315,245,35,35,0,0
329,0,280,35,35,0,0
329,35,280,35,35,0,0
329,70,280,35,35,0,0
329,105,280,35,35,0,0
329,140,280,35,35,0,0
329,175,280,35,35,0,0
329,210,280,35,35,0,0
329,245,280,35,35,0,0
329,280,280,35,35,0,0
329,315,280,35,35,0,0
329,0,315,35,35,0,0
329,35,315,35,35,0,0
329,70,315,35,35,0,0
329,105,315,35,35,0,0
329,140,315,35,35,0,0
329,175,315,35,35,0,0
329,210,315,35,35,0,0
329,245,315,35,35,0,0
329,280,315,35,35,0,0
329,315,315,35,35,0,0
330,0,0,35,35,0,0
330,35,0,35,35,0,0
330,70,0,35,35,0,0
330,105,0,35,35,0,0
330,140,0,35,35,0,0
330,175,0,35,35,0,0
330,210,0,35,35,0,0
330,245,0,35,35,0,0
330,280,0,35,35,0,0
330,315,0,35,35,0,0
330,0,35,35,35,0,0
330,35,35,35,35,0,0
330,70,35,35,35,0,0
330,105,35,35,35,0,0
330,140,35,35,35,0,0
330,175,35,35,35,0,0
330,210,35,35,35,0,0
330,245,35,35,35,0,0
330,280,35,35,35,0,0
330,315,35,35,35,0,0
330,0,70,35,35,0,0
330,35,70,35,35,0,0
330,70,70,35,35,0,0
330,105,70,35,35,0,0
330,140,70,35,35,0,0
330,175,70,35,35,0,0
330,210,70,35,35,0,0
330,245,70,35,35,0,0
330,280,70,35,35,0,0
330,315,70,35,35,0,0
330,0,105,35,35,0,0
330,35,105,35,35,0,0
330,70,105,35,35,0,0
330,105,105,35,35,0,0
330,140,105,35,35,0,0
330,175,105,35,35,0,0
330,210,105,35,35,0,0
330,245,105,35,35,0,0
330,280,105,35,35,0,0
330,315,105,35,35,0,0
330,0,140,35,35,0,0
330,35,140,35,35,0,0
330,70,140,35,35,0,0
330,105,140,35,35,0,0
330,140,140,35,35,0,0
330,175,140,35,35,0,0
330,210,140,35,35,0,0
330,245,140,35,35,0,0
330,280,140,35,35,0,0
330,315,140,35,35,0,0
330,0,175,35,35,0,0
330,35,175,35,35,0,0
330,70,175,35,35,0,0
330,105,175,35,35,0,0
330,140,175,35,35,0,0
330,175,175,35,35,0,0
330,210,175,35,35,0,0
330,245,175,35,35,0,0
330,280,175,35,35,0,0
330,315,175,35,35,0,0
330,0,210,35,35,0,0
330,35,210,35,35,0,0
330,70,210,35,35,0,0
330,105,210,35,35,0,0
330,140,210,35,35,0,0
330,175,210,35,35,0,0
330,210,210,35,35,0,0
330,245,210,35,35,0,0
330,280,210,35,35,0,0
330,315,210,35,35,0,0
330,0,245,35,35,0,0
330,35,245,35,35,0,0
330,70,245,35,35,0,0
330,105,245,35,35,0,0
330,140,245,35,35,0,0
330,175,245,35,35,0,0
330,210,245,35,35,0,0
330,245,245,35,35,0,0
330,280,245,35,35,0,0
330,315,245,35,35,0,0
330,0,280,35,35,0,0
330,35,280,35,35,0,0
330,70,280,35,35,0,0
330,105,280,35,35,0,0
330,140,280,35,35,0,0
330,175,280,35,35,0,0
330,210,280,35,35,0,0
330,245,280,35,35,0,0
330,280,280,35,35,0,0
330,315,280,35,35,0,0
330,0,315,35,35,0,0
330,35,315,35,35,0,0
330,70,315,35,35,0,0
330,105,315,35,35,0,0
330,140,315,35,35,0,0
330,175,315,35,35,0,0
330,210,315,35,35,0,0
330,245,315,35,35,0,0
330,280,315,35,35,0,0
330,315,315,35,35,0,0
331,0,0,35,35,0,0
331,35,0,35,35,0,0
331,70,0,35,35,0,0
331,105,0,35,35,0,0
331,140,0,35,35,0,0
331,175,0,35,35,0,0
331,210,0,35,35,0,0
331,245,0,35,35,0,0
331,280,0,35,35,0,0
331,315,0,35,35,0,0
331,0,35,35,35,0,0
331,35,35,35,35,0,0
331,70,35,35,35,0,0
331,105,35,35,35,0,0
331,140,35,35,35,0,0
331,175,35,35,35,0,0
331,210,35,35,35,0,0
331,245,35,35,35,0,0
331,280,35,35,35,0,0
331,315,35,35,35,0,0
331,0,70,35,35,0,0
331,35,70,35,35,0,0
331,70,70,35,35,0,0
331,105,70,35,35,0,0
331,140,70,35,35,0,0
331,175,70,35,35,0,0
331,210,70,35,35,0,0
331,245,70,35,35,0,0
331,280,70,35,35,0,0
331,315,70,35,35,0,0
331,0,105,35,35,0,0
331,35,105,35,35,0,0
331,70,105,35,35,0,0
331,105,105,35,35,0,0
331,140,105,35,35,0,0
331,175,105,35,35,0,0
331,210,105,35,35,0,0
331,245,105,35,35,0,0
331,280,105,35,35,0,0
331,315,105,35,35,0,0
331,0,140,35,35,0,0
331,35,140,35,35,0,0
331,70,140,35,35,0,0
331,105,140,35,35,0,0
331,140,140,35,35,0,0
331,175,140,35,35,0,0
331,210,140,35,35,0,0
331,245,140,35,35,0,0
331,280,140,35,35,0,0
331,315,140,35,35,0,0
331,0,175,35,35,0,0
331,35,175,35,35,0,0
331,70,175,35,35,0,0
331,105,175,35,35,0,0
331,140,175,35,35,0,0
331,175,175,35,35,0,0
331,210,175,35,35,0,0
331,245,175,35,35,0,0
331,280,175,35,35,0,0
331,315,175,35,35,0,0
331,0,210,35,35,0,0
331,35,210,35,35,0,0
331,70,210,35,35,0,0
331,105,210,35,35,0,0
331,140,210,35,35,0,0
331,175,210,35,35,0,0
331,210,210,35,35,0,0
331,245,210,35,35,0,0
331,280,210,35,35,0,0
331,315,210,35,35,0,0
331,0,245,35,35,0,0
331,35,245,35,35,0,0
331,70,245,35,35,0,0
331,105,245,35,35,0,0
331,140,245,35,35,0,0
331,175,245,35,35,0,0
331,210,245,35,35,0,0
331,245,245,35,35,0,0
331,280,245,35,35,0,0
331,315,245,35,35,0,0
331,0,280,35,35,0,0
331,35,280,35,35,0,0
331,70,280,35,35,0,0
331,105,280,35,35,0,0
331,140,280,35,35,0,0
331,175,280,35,35,0,0
331,210,280,35,35,0,0
331,245,280,35,35,0,0
331,280,280,35,35,0,0
331,315,280,35,35,0,0
331,0,315,35,35,0,0
331,35,315,35,35,0,0
331,70,315,35,35,0,0
331,105,315,35,35,0,0
331,140,315,35,35,0,0
331,175,315,35,35,0,0
331,210,315,35,35,0,0
331,245,315,35,35,0,0
331,280,315,35,35,0,0
331,315,315,35,35,0,0
332,0,0,35,35,0,0
332,35,0,35,35,0,0
332,70,0,35,35,0,0
332,105,0,35,35,0,0
332,140,0,35,35,0,0
332,175,0,35,35,0,0
332,210,0,35,35,0,0
332,245,0,35,35,0,0
332,280,0,35,35,0,0
332,315,0,35,35,0,0
332,0,35,35,35,0,0
332,35,35,35,35,0,0
332,70,35,35,35,0,0
332,105,35,35,35,0,0
332,140,35,35,35,0,0
332,175,35,35,35,0,0
332,210,35,35,35,0,0
332,245,35,35,35,0,0
332,280,35,35,35,0,0
332,315,35,35,35,0,0
332,0,70,35,35,0,0
332,35,70,35,35,0,0
332,70,70,35,35,0,0
332,105,70,35,35,0,0
332,140,70,35,35,0,0
332,175,70,35,35,0,0
332,210,70,35,35,0,0
332,245,70,35,35,0,0
332,280,70,35,35,0,0
332,315,70,35,35,0,0
332,0,105,35,35,0,0
332,35,105,35,35,0,0
332,70,105,35,35,0,0
332,105,105,35,35,0,0
332,140,105,35,35,0,0
332,175,105,35,35,0,0
332,210,105,35,35,0,0
332,245,105,35,35,0,0
332,280,105,35,35,0,0
332,315,105,35,35,0,0
332,0,140,35,35,0,0
332,35,140,35,35,0,0
332,70,140,35,35,0,0
332,105,140,35,35,0,0
332,140,140,35,35,0,0
332,175,140,35,35,0,0
332,210,140,35,35,0,0
332,245,140,35,35,0,0
332,280,140,35,35,0,0
332,315,140,35,35,0,0
332,0,175,35,35,0,0
332,35,175,35,35,0,0
332,70,175,35,35,0,0
332,105,175,35,35,0,0
332,140,175,35,35,0,0
332,175,175,35,35,0,0
332,210,175,35,35,0,0
332,245,175,35,35,0,0
332,280,175,35,35,0,0
332,315,175,35,35,0,0
332,0,210,35,35,0,0
332,35,210,35,35,0,0
332,70,210,35,35,0,0
332,105,210,35,35,0,0
332,140,210,35,35,0,0
332,175,210,35,35,0,0
332,210,210,35,35,0,0
332,245,210,35,35,0,0
332,280,210,35,35,0,0
332,315,210,35,35,0,0
332,0,245,35,35,0,0
332,35,245,35,35,0,0
332,70,245,35,35,0,0
332,105,245,35,35,0,0
332,140,245,35,35,0,0
332,175,245,35,35,0,0
332,210,245,35,35,0,0
332,245,245,35,35,0,0
332,280,245,35,35,0,0
332,315,245,35,35,0,0
332,0,280,35,35,0,0
332,35,280,35,35,0,0
332,70,280,35,35,0,0
332,105,280,35,35,0,0
332,140,280,35,35,0,0
332,175,280,35,35,0,0
332,210,280,35,35,0,0
332,245,280,35,35,0,0
332,280,280,35,35,0,0
332,315,280,35,35,0,0
332,0,315,35,35,0,0
332,35,315,35,35,0,0
332,70,315,35,35,0,0
332,105,315,35,35,0,0
332,140,315,35,35,0,0
332,175,315,35,35,0,0
332,210,315,35,35,0,0
332,245,315,35,35,0,0
332,280,315,35,35,0,0
332,315,315,35,35,0,0
333,0,0,35,35,0,0
333,35,0,35,35,0,0
333,70,0,35,35,0,0
333,105,0,35,35,0,0
333,140,0,35,35,0,0
333,175,0,35,35,0,0
333,210,0,35,35,0,0
333,245,0,35,35,0,0
333,280,0,35,35,0,0
333,315,0,35,35,0,0
333,0,35,35,35,0,0
333,35,35,35,35,0,0
333,70,35,35,35,0,0
333,105,35,35,35,0,0
333,140,35,35,35,0,0
333,175,35,35,35,0,0
333,210,35,35,35,0,0
333,245,35,35,35,0,0
333,280,35,35,35,0,0
333,315,35,35,35,0,0
333,0,70,35,35,0,0
333,35,70,35,35,0,0
333,70,70,35,35,0,0
333,105,70,35,35,0,0
333,140,70,35,35,0,0
333,175,70,35,35,0,0
333,210,70,35,35,0,0
333,245,70,35,35,0,0
333,280,70,35,35,0,0
333,315,70,35,35,0,0
333,0,105,35,35,0,0
333,35,105,35,35,0,0
333,70,105,35,35,0,0
333,105,105,35,35,0,0
333,140,105,35,35,0,0
333,175,105,35,35,0,0
333,210,105,35,35,0,0
333,245,105,35,35,0,0
333,280,105,35,35,0,0
333,315,105,35,35,0,0
333,0,140,35,35,0,0
333,35,140,35,35,0,0
333,70,140,35,35,0,0
333,105,140,35,35,0,0
333,140,140,35,35,0,0
333,175,140,35,35,0,0
333,210,140,35,35,0,0
333,245,140,35,35,0,0
333,280,140,35,35,0,0
333,315,140,35,35,0,0
333,0,175,35,35,0,0
333,35,175,35,35,0,0
333,70,175,35,35,0,0
333,105,175,35,35,0,0
333,140,175,35,35,0,0
333,175,175,35,35,0,0
333,210,175,35,35,0,0
333,245,175,35,35,0,0
333,280,175,35,35,0,0
333,315,175,35,35,0,0
333,0,210,35,35,0,0
333,35,210,35,35,0,0
333,70,210,35,35,0,0
333,105,210,35,35,0,0
333,140,210,35,35,0,0
333,175,210,35,35,0,0
333,210,210,35,35,0,0
333,245,210,35,35,0,0
333,280,210,35,35,0,0
333,315,210,35,35,0,0
333,0,245,35,35,0,0
333,35,245,35,35,0,0
333,70,245,35,35,0,0
333,105,245,35,35,0,0
333,140,245,35,35,0,0
333,175,245,35,35,0,0
333,210,245,35,35,0,0
333,245,245,35,35,0,0
333,280,245,35,35,0,0
333,315,245,35,35,0,0
333,0,280,35,35,0,0
333,35,280,35,35,0,0
333,70,280,35,35,0,0
333,105,280,35,35,0,0
333,140,280,35,35,0,0
333,175,280,35,35,0,0
333,210,280,35,35,0,0
333,245,280,35,35,0,0
333,280,280,35,35,0,0
333,315,280,35,35,0,0
333,0,315,35,35,0,0
333,35,315,35,35,0,0
333,70,315,35,35,0,0
333,105,315,35,35,0,0
333,140,315,35,35,0,0
333,175,315,35,35,0,0
333,210,315,35,35,0,0
333,245,315,35,35,0,0
333,280,315,35,35,0,0
333,315,315,35,35,0,0
334,0,0,35,35,0,0
334,35,0,35,35,0,0
334,70,0,35,35,0,0
334,105,0,35,35,0,0
334,140,0,35,35,0,0
334,175,0,35,35,0,0
334,210,0,35,35,0,0
334,245,0,35,35,0,0
334,280,0,35,35,0,0
334,315,0,35,35,0,0
334,0,35,35,35,0,0
334,35,35,35,35,0,0
334,70,35,35,35,0,0
334,105,35,35,35,0,0
334,140,35,35,35,0,0
334,175,35,35,35,0,0
334,210,35,35,35,0,0
334,245,35,35,35,0,0
334,280,35,35,35,0,0
334,315,35,35,35,0,0
334,0,70,35,35,0,0
334,35,70,35,35,0,0
334,70,70,35,35,0,0
334,105,70,35,35,0,0
334,140,70,35,35,0,0
334,175,70,35,35,0,0
334,210,70,35,35,0,0
334,245,70,35,35,0,0
334,280,70,35,35,0,0
334,315,70,35,35,0,0
334,0,105,35,35,0,0
334,35,105,35,35,0,0
334,70,105,35,35,0,0
334,105,105,35,35,0,0
334,140,105,35,35,0,0
334,175,105,35,35,0,0
334,210,105,35,35,0,0
334,245,105,35,35,0,0
334,280,105,35,35,0,0
334,315,105,35,35,0,0
334,0,140,35,35,0,0
334,35,140,35,35,0,0
334,70,140,35,35,0,0
334,105,140,35,35,0,0
334,140,140,35,35,0,0
334,175,140,35,35,0,0
334,210,140,35,35,0,0
334,245,140,35,35,0,0
334,280,140,35,35,0,0
334,315,140,35,35,0,0
334,0,175,35,35,0,0
334,35,175,35,35,0,0
334,70,175,35,35,0,0
334,105,175,35,35,0,0
334,140,175,35,35,0,0
334,175,175,35,35,0,0
334,210,175,35,35,0,0
334,245,175,35,35,0,0
334,280,175,35,35,0,0
334,315,175,35,35,0,0
334,0,210,35,35,0,0
334,35,210,35,35,0,0
334,70,210,35,35,0,0
334,105,210,35,35,0,0
334,140,210,35,35,0,0
334,175,210,35,35,0,0
334,210,210,35,35,0,0
334,245,210,35,35,0,0
334,280,210,35,35,0,0
334,315,210,35,35,0,0
334,0,245,35,35,0,0
334,35,245,35,35,0,0
334,70,245,35,35,0,0
334,105,245,35,35,0,0
334,140,245,35,35,0,0
334,175,245,35,35,0,0
334,210,245,35,35,0,0
334,245,245,35,35,0,0
334,280,245,35,35,0,0
334,315,245,35,35,0,0
334,0,280,35,35,0,0
334,35,280,35,35,0,0
334,70,280,35,35,0,0
334,105,280,35,35,0,0
334,140,280,35,35,0,0
334,175,280,35,35,0,0
334,210,280,35,35,0,0
334,245,280,35,35,0,0
334,280,280,35,35,0,0
334,315,280,35,35,0,0
334,0,315,35,35,0,0
334,35,315,35,35,0,0
334,70,315,35,35,0,0
334,105,315,35,35,0,0
334,140,315,35,35,0,0
334,175,315,35,35,0,0
334,210,315,35,35,0,0
334,245,315,35,35,0,0
334,280,315,35,35,0,0
334,315,315,35,35,0,0
335,0,0,35,35,0,0
335,35,0,35,35,0,0
335,70,0,35,35,0,0
335,105,0,35,35,0,0
335,140,0,35,35,0,0
335,175,0,35,35,0,0
335,210,0,35,35,0,0
335,245,0,35,35,0,0
335,280,0,35,35,0,0
335,315,0,35,35,0,0
335,0,35,35,35,0,0
335,35,35,35,35,0,0
335,70,35,35,35,0,0
335,105,35,35,35,0,0
335,140,35,35,35,0,0
335,175,35,35,35,0,0
335,210,35,35,35,0,0
335,245,35,35,35,0,0
335,280,35,35,35,0,0
335,315,35,35,35,0,0
335,0,70,35,35,0,0
335,35,70,35,35,0,0
335,70,70,35,35,0,0
335,105,70,35,35,0,0
335,140,70,35,35,0,0
335,175,70,35,35,0,0
335,210,70,35,35,0,0
335,245,70,35,35,0,0
335,280,70,35,35,0,0
335,315,70,35,35,0,0
335,0,105,35,35,0,0
335,35,105,35,35,0,0
335,70,105,35,35,0,0
335,105,105,35,35,0,0
335,140,105,35,35,0,0
335,175,105,35,35,0,0
335,210,105,35,35,0,0
335,245,105,35,35,0,0
335,280,105,35,35,0,0
335,315,105,35,35,0,0
335,0,140,35,35,0,0
335,35,140,35,35,0,0
335,70,140,35,35,0,0
335,105,140,35,35,0,0
335,140,140,35,35,0,0
335,175,140,35,35,0,0
335,210,140,35,35,0,0
335,245,140,35,35,0,0
335,280,140,35,35,0,0
335,315,140,35,35,0,0
335,0,175,35,35,0,0
335,35,175,35,35,0,0
335,70,175,35,35,0,0
335,105,175,35,35,0,0
335,140,175,35,35,0,0
335,175,175,35,35,0,0
335,210,175,35,35,0,0
335,245,175,35,35,0,0
335,280,175,35,35,0,0
335,315,175,35,35,0,0
335,0,210,35,35,0,0
335,35,210,35,35,0,0
335,70,210,35,35,0,0
335,105,210,35,35,0,0
335,140,210,35,35,0,0
335,175,210,35,35,0,0
335,210,210,35,35,0,0
335,245,210,35,35,0,0
335,280,210,35,35,0,0
335,315,210,35,35,0,0
335,0,245,35,35,0,0
335,35,245,35,35,0,0
335,70,245,35,35,0,0
335,105,245,35,35,0,0
335,140,245,35,35,0,0
335,175,245,35,35,0,0
335,210,245,35,35,0,0
335,245,245,35,35,0,0
335,280,245,35,35,0,0
335,315,245,35,35,0,0
335,0,280,35,35,0,0
335,35,280,35,35,0,0
335,70,280,35,35,0,0
335,105,280,35,35,0,0
335,140,280,35,35,0,0
335,175,280,35,35,0,0
335,210,280,35,35,0,0
335,245,280,35,35,0,0
335,280,280,35,35,0,0
335,315,280,35,35,0,0
335,0,315,35,35,0,0
335,35,315,35,35,0,0
335,70,315,35,35,0,0
335,105,315,35,35,0,0
335,140,315,35,35,0,0
335,175,315,35,35,0,0
335,210,315,35,35,0,0
335,245,315,35,35,0,0
335,280,315,35,35,0,0
335,315,315,35,35,0,0
336,0,0,35,35,0,0
336,35,0,35,35,0,0
336,70,0,35,35,0,0
336,105,0,35,35,0,0
336,140,0,35,35,0,0
336,175,0,35,35,0,0
336,210,0,35,35,0,0
336,245,0,35,35,0,0
336,280,0,35,35,0,0
336,315,0,35,35,0,0
336,0,35,35,35,0,0
336,35,35,35,35,0,0
336,70,35,35,35,0,0
336,105,35,35,35,0,0
336,140,35,35,35,0,0
336,175,35,35,35,0,0
336,210,35,35,35,0,0
336,245,35,35,35,0,0
336,280,35,35,35,0,0
336,315,35,35,35,0,0
336,0,70,35,35,0,0
336,35,70,35,35,0,0
336,70,70,35,35,0,0
336,105,70,35,35,0,0
336,140,70,35,35,0,0
336,175,70,35,35,0,0
336,210,70,35,35,0,0
336,245,70,35,35,0,0
336,280,70,35,35,0,0
336,315,70,35,35,0,0
336,0,105,35,35,0,0
336,35,105,35,35,0,0
336,70,105,35,35,0,0
336,105,105,35,35,0,0
336,140,105,35,35,0,0
336,175,105,35,35,0,0
336,210,105,35,35,0,0
336,245,105,35,35,0,0
336,280,105,35,35,0,0
336,315,105,35,35,0,0
336,0,140,35,35,0,0
336,35,140,35,35,0,0
336,70,140,35,35,0,0
336,105,140,35,35,0,0
336,140,140,35,35,0,0
336,175,140,35,35,0,0
336,210,140,35,35,0,0
336,245,140,35,35,0,0
336,280,140,35,35,0,0
336,315,140,35,35,0,0
336,0,175,35,35,0,0
336,35,175,35,35,0,0
336,70,175,35,35,0,0
336,105,175,35,35,0,0
336,140,175,35,35,0,0
336,175,175,35,35,0,0
336,210,175,35,35,0,0
336,245,175,35,35,0,0
336,280,175,35,35,0,0
336,315,175,35,35,0,0
336,0,210,35,35,0,0
336,35,210,35,35,0,0
336,70,210,35,35,0,0
336,105,210,35,35,0,0
336,140,210,35,35,0,0
336,175,210,35,35,0,0
336,210,210,35,35,0,0
336,245,210,35,35,0,0
336,280,210,35,35,0,0
336,315,210,35,35,0,0
336,0,245,35,35,0,0
336,35,245,35,35,0,0
336,70,245,35,35,0,0
336,105,245,35,35,0,0
336,140,245,35,35,0,0
336,175,245,35,35,0,0
336,210,245,35,35,0,0
336,245,245,35,35,0,0
336,280,245,35,35,0,0
336,315,245,35,35,0,0
336,0,280,35,35,0,0
336,35,280,35,35,0,0
336,70,280,35,35,0,0
336,105,280,35,35,0,0
336,140,280,35,35,0,0
336,175,280,35,35,0,0
336,210,280,35,35,0,0
336,245,280,35,35,0,0
336,280,280,35,35,0,0
336,315,280,35,35,0,0
336,0,315,35,35,0,0
336,35,315,35,35,0,0
336,70,315,35,35,0,0
336,105,315,35,35,0,0
336,140,315,35,35,0,0
336,175,315,35,35,0,0
336,210,315,35,35,0,0
336,245,315,35,35,0,0
336,280,315,35,35,0,0
336,315,315,35,35,0,0
337,0,0,35,35,0,0
337,35,0,35,35,0,0
337,70,0,35,35,0,0
337,105,0,35,35,0,0
337,140,0,35,35,0,0
337,175,0,35,35,0,0
337,210,0,35,35,0,0
337,245,0,35,35,0,0
337,280,0,35,35,0,0
337,315,0,35,35,0,0
337,0,35,35,35,0,0
337,35,35,35,35,0,0
337,70,35,35,35,0,0
337,105,35,35,35,0,0
337,140,35,35,35,0,0
337,175,35,35,35,0,0
337,210,35,35,35,0,0
337,245,35,35,35,0,0
337,280,35,35,35,0,0
337,315,35,35,35,0,0
337,0,70,35,35,0,0
337,35,70,35,35,0,0
337,70,70,35,35,0,0
337,105,70,35,35,0,0
337,140,70,35,35,0,0
337,175,70,35,35,0,0
337,210,70,35,35,0,0
337,245,70,35,35,0,0
337,280,70,35,35,0,0
337,315,70,35,35,0,0
337,0,105,35,35,0,0
337,35,105,35,35,0,0
337,70,105,35,35,0,0
337,105,105,35,35,0,0
337,140,105,35,35,0,0
337,175,105,35,35,0,0
337,210,105,35,35,0,0
337,245,105,35,35,0,0
337,280,105,35,35,0,0
337,315,105,35,35,0,0
337,0,140,35,35,0,0
337,35,140,35,35,0,0
337,70,140,35,35,0,0
337,105,140,35,35,0,0
337,140,140,35,35,0,0
337,175,140,35,35,0,0
337,210,140,35,35,0,0
337,245,140,35,35,0,0
337,280,140,35,35,0,0
337,315,140,35,35,0,0
337,0,175,35,35,0,0
337,35,175,35,35,0,0
337,70,175,35,35,0,0
337,105,175,35,35,0,0
337,140,175,35,35,0,0
337,175,175,35,35,0,0
337,210,175,35,35,0,0
337,245,175,35,35,0,0
337,280,175,35,35,0,0
337,315,175,35,35,0,0
337,0,210,35,35,0,0
337,35,210,35,35,0,0
337,70,210,35,35,0,0
337,105,210,35,35,0,0
337,140,210,35,35,0,0
337,175,210,35,35,0,0
337,210,210,35,35,0,0
337,245,210,35,35,0,0
337,280,210,35,35,0,0
337,315,210,35,35,0,0
337,0,245,35,35,0,0
337,35,245,35,35,0,0
337,70,245,35,35,0,0
337,105,245,35,35,0,0
337,140,245,35,35,0,0
337,175,245,35,35,0,0
337,210,245,35,35,0,0
337,245,245,35,35,0,0
337,280,245,35,35,0,0
337,315,245,35,35,0,0
337,0,280,35,35,0,0
337,35,280,35,35,0,0
337,70,280,35,35,0,0
337,105,280,35,35,0,0
337,140,280,35,35,0,0
337,175,280,35,35,0,0
337,210,280,35,35,0,0
337,245,280,35,35,0,0
337,280,280,35,35,0,0
337,315,280,35,35,0,0
337,0,315,35,35,0,0
337,35,315,35,35,0,0
337,70,315,35,35,0,0
337,105,315,35,35,0,0
337,140,315,35,35,0,0
337,175,315,35,35,0,0
337,210,315,35,35,0,0
337,245,315,35,35,0,0
337,280,315,35,35,0,0
337,315,315,35,35,0,0
349,0,0,35,35,0,0
349,35,0,35,35,0,0
349,70,0,35,35,0,0
349,105,0,35,35,0,0
349,140,0,35,35,0,0
349,175,0,35,35,0,0
349,210,0,35,35,0,0
349,245,0,35,35,0,0
349,280,0,35,35,0,0
349,315,0,35,35,0,0
349,0,35,35,35,0,0
349,35,35,35,35,0,0
349,70,35,35,35,0,0
349,105,35,35,35,0,0
349,140,35,35,35,0,0
349,175,35,35,35,0,0
349,210,35,35,35,0,0
349,245,35,35,35,0,0
349,280,35,35,35,0,0
349,315,35,35,35,0,0
349,0,70,35,35,0,0
349,35,70,35,35,0,0
349,70,70,35,35,0,0
349,105,70,35,35,0,0
349,140,70,35,35,0,0
349,175,70,35,35,0,0
349,210,70,35,35,0,0
349,245,70,35,35,0,0
349,280,70,35,35,0,0
349,315,70,35,35,0,0
349,0,105,35,35,0,0
349,35,105,35,35,0,0
349,70,105,35,35,0,0
349,105,105,35,35,0,0
349,140,105,35,35,0,0
349,175,105,35,35,0,0
349,210,105,35,35,0,0
349,245,105,35,35,0,0
349,280,105,35,35,0,0
349,315,105,35,35,0,0
349,0,140,35,35,0,0
349,35,140,35,35,0,0
349,70,140,35,35,0,0
349,105,140,35,35,0,0
349,140,140,35,35,0,0
349,175,140,35,35,0,0
349,210,140,35,35,0,0
349,245,140,35,35,0,0
349,280,140,35,35,0,0
349,315,140,35,35,0,0
349,0,175,35,35,0,0
349,35,175,35,35,0,0
349,70,175,35,35,0,0
349,105,175,35,35,0,0
349,140,175,35,35,0,0
349,175,175,35,35,0,0
349,210,175,35,35,0,0
349,245,175,35,35,0,0
349,280,175,35,35,0,0
349,315,175,35,35,0,0
349,0,210,35,35,0,0
349,35,210,35,35,0,0
349,70,210,35,35,0,0
349,105,210,35,35,0,0
349,140,210,35,35,0,0
349,175,210,35,35,0,0
349,210,210,35,35,0,0
349,245,210,35,35,0,0
349,280,210,35,35,0,0
349,315,210,35,35,0,0
349,0,245,35,35,0,0
349,35,245,35,35,0,0
349,70,245,35,35,0,0
349,105,245,35,35,0,0
349,140,245,35,35,0,0
349,175,245,35,35,0,0
349,210,245,35,35,0,0
349,245,245,35,35,0,0
349,280,245,35,35,0,0
349,315,245,35,35,0,0
349,0,280,35,35,0,0
349,35,280,35,35,0,0
349,70,280,35,35,0,0
349,105,280,35,35,0,0
349,140,280,35,35,0,0
349,175,280,35,35,0,0
349,210,280,35,35,0,0
349,245,280,35,35,0,0
349,280,280,35,35,0,0
349,315,280,35,35,0,0
349,0,315,35,35,0,0
349,35,315,35,35,0,0
349,70,315,35,35,0,0
349,105,315,35,35,0,0
349,140,315,35,35,0,0
349,175,315,35,35,0,0
349,210,315,35,35,0,0
349,245,315,35,35,0,0
349,280,315,35,35,0,0
349,315,315,35,35,0,0
354,0,0,35,35,0,0
354,35,0,35,35,0,0
354,70,0,35,35,0,0
354,105,0,35,35,0,0
354,140,0,35,35,0,0
354,175,0,35,35,0,0
354,210,0,35,35,0,0
354,245,0,35,35,0,0
354,280,0,35,35,0,0
354,315,0,35,35,0,0
354,0,35,35,35,0,0
354,35,35,35,35,0,0
354,70,35,35,35,0,0
354,105,35,35,35,0,0
354,140,35,35,35,0,0
354,175,35,35,35,0,0
354,210,35,35,35,0,0
354,245,35,35,35,0,0
354,280,35,35,35,0,0
354,315,35,35,35,0,0
354,0,70,35,35,0,0
354,35,70,35,35,0,0
354,70,70,35,35,0,0
354,105,70,35,35,0,0
354,140,70,35,35,0,0
354,175,70,35,35,0,0
354,210,70,35,35,0,0
354,245,70,35,35,0,0
354,280,70,35,35,0,0
354,315,70,35,35,0,0
354,0,105,35,35,0,0
354,35,105,35,35,0,0
354,70,105,35,35,0,0
354,105,105,35,35,0,0
354,140,105,35,35,0,0
354,175,105,35,35,0,0
354,210,105,35,35,0,0
354,245,105,35,35,0,0
354,280,105,35,35,0,0
354,315,105,35,35,0,0
354,0,140,35,35,0,0
354,35,140,35,35,0,0
354,70,140,35,35,0,0
354,105,140,35,35,0,0
354,140,140,35,35,0,0
354,175,140,35,35,0,0
354,210,140,35,35,0,0
354,245,140,35,35,0,0
354,280,140,35,35,0,0
354,315,140,35,35,0,0
354,0,175,35,35,0,0
354,35,175,35,35,0,0
354,70,175,35,35,0,0
354,105,175,35,35,0,0
354,140,175,35,35,0,0
354,175,175,35,35,0,0
354,210,175,35,35,0,0
354,245,175,35,35,0,0
354,280,175,35,35,0,0
354,315,175,35,35,0,0
354,0,210,35,35,0,0
354,35,210,35,35,0,0
354,70,210,35,35,0,0
354,105,210,35,35,0,0
354,140,210,35,35,0,0
354,175,210,35,35,0,0
354,210,210,35,35,0,0
354,245,210,35,35,0,0
354,280,210,35,35,0,0
354,315,210,35,35,0,0
354,0,245,35,35,0,0
354,35,245,35,35,0,0
354,70,245,35,35,0,0
354,105,245,35,35,0,0
354,140,245,35,35,0,0
354,175,245,35,35,0,0
354,210,245,35,35,0,0
354,245,245,35,35,0,0
354,280,245,35,35,0,0
354,315,245,35,35,0,0
354,0,280,35,35,0,0
354,35,280,35,35,0,0
354,70,280,35,35,0,0
354,105,280,35,35,0,0
354,140,280,35,35,0,0
354,175,280,35,35,0,0
354,210,280,35,35,0,0
354,245,280,35,35,0,0
354,280,280,35,35,0,0
354,315,280,35,35,0,0
354,0,315,35,35,0,0
354,35,315,35,35,0,0
354,70,315,35,35,0,0
354,105,315,35,35,0,0
354,140,315,35,35,0,0
354,175,315,35,35,0,0
354,210,315,35,35,0,0
354,245,315,35,35,0,0
354,280,315,35,35,0,0
354,315,315,35,35,0,0
361,0,0,35,35,0,0
361,35,0,35,35,0,0
361,70,0,35,35,0,0
361,105,0,35,35,0,0
361,140,0,35,35,0,0
361,175,0,35,35,0,0
361,210,0,35,35,0,0
361,245,0,35,35,0,0
361,280,0,35,35,0,0
361,315,0,35,35,0,0
361,0,35,35,35,0,0
361,35,35,35,35,0,0
361,70,35,35,35,0,0
361,105,35,35,35,0,0
361,140,35,35,35,0,0
361,175,35,35,35,0,0
361,210,35,35,35,0,0
361,245,35,35,35,0,0
361,280,35,35,35,0,0
361,315,35,35,35,0,0
361,0,70,35,35,0,0
361,35,70,35,35,0,0
361,70,70,35,35,0,0
361,105,70,35,35,0,0
361,140,70,35,35,0,0
361,175,70,35,35,0,0
361,210,70,35,35,0,0
361,245,70,35,35,0,0
361,280,70,35,35,0,0
361,315,70,35,35,0,0
361,0,105,35,35,0,0
361,35,105,35,35,0,0
361,70,105,35,35,0,0
361,105,105,35,35,0,0
361,140,105,35,35,0,0
361,175,105,35,35,0,0
361,210,105,35,35,0,0
361,245,105,35,35,0,0
361,280,105,35,35,0,0
361,315,105,35,35,0,0
361,0,140,35,35,0,0
361,35,140,35,35,0,0
361,70,140,35,35,0,0
361,105,140,35,35,0,0
361,140,140,35,35,0,0
361,175,140,35,35,0,0
361,210,140,35,35,0,0
361,245,140,35,35,0,0
361,280,140,35,35,0,0
361,315,140,35,35,0,0
361,0,175,35,35,0,0
361,35,175,35,35,0,0
361,70,175,35,35,0,0
361,105,175,35,35,0,0
361,140,175,35,35,0,0
361,175,175,35,35,0,0
361,210,175,35,35,0,0
361,245,175,35,35,0,0
361,280,175,35,35,0,0
361,315,175,35,35,0,0
361,0,210,35,35,0,0
361,35,210,35,35,0,0
361,70,210,35,35,0,0
361,105,210,35,35,0,0
361,140,210,35,35,0,0
361,175,210,35,35,0,0
361,210,210,35,35,0,0
361,245,210,35,35,0,0
361,280,210,35,35,0,0
361,315,210,35,35,0,0
361,0,245,35,35,0,0
361,35,245,35,35,0,0
361,70,245,35,35,0,0
361,105,245,35,35,0,0
361,140,245,35,35,0,0
361,175,245,35,35,0,0
361,210,245,35,35,0,0
361,245,245,35,35,0,0
361,280,245,35,35,0,0
361,315,245,35,35,0,0
361,0,280,35,35,0,0
361,35,280,35,35,0,0
361,70,280,35,35,0,0
361,105,280,35,35,0,0
361,140,280,35,35,0,0
361,175,280,35,35,0,0
361,210,280,35,35,0,0
361,245,280,35,35,0,0
361,280,280,35,35,0,0
361,315,280,35,35,0,0
361,0,315,35,35,0,0
361,35,315,35,35,0,0
361,70,315,35,35,0,0
361,105,315,35,35,0,0
361,140,315,35,35,0,0
361,175,315,35,35,0,0
361,210,315,35,35,0,0
361,245,315,35,35,0,0
361,280,315,35,35,0,0
361,315,315,35,35,0,0

[Invbagon]
SetIndex: 527
ItemCount: 3
137,113,425,33,33,0,0
137,113,425,33,33,0,0
137,113,425,33,33,0,0

[Invbagoff]
SetIndex: 528
ItemCount: 3
137,77,425,33,33,0,0
137,113,425,33,33,0,0
137,77,425,33,33,0,0

[AutoTrade]
SetIndex: 529
ItemCount: 1
327,0,0,220,177,0,0

[Trade]
SetIndex: 530
ItemCount: 1
328,0,0,226,349,0,0

[page1ff]
SetIndex: 531
ItemCount: 3
142,38,427,18,17,0,0
142,57,427,18,17,0,0
142,38,427,18,17,0,0

[page1on]
SetIndex: 532
ItemCount: 3
142,57,427,18,17,0,0
142,57,427,18,17,0,0
142,57,427,18,17,0,0

[page2off]
SetIndex: 533
ItemCount: 3
142,77,427,18,17,0,0
142,96,427,18,17,0,0
142,77,427,18,17,0,0

[page2on]
SetIndex: 534
ItemCount: 3
142,96,427,18,17,0,0
142,96,427,18,17,0,0
142,96,427,18,17,0,0

[page3off]
SetIndex: 535
ItemCount: 3
142,115,427,18,17,0,0
142,134,427,18,17,0,0
142,115,427,18,17,0,0

[page3on]
SetIndex: 536
ItemCount: 3
142,134,427,18,17,0,0
142,134,427,18,17,0,0
142,134,427,18,17,0,0


[charstate_main]
SetIndex: 537
ItemCount: 1
305,0,133,290,75,0,0


[charstate_hp]
SetIndex: 538
ItemCount: 2
305,2,250,202,14,0,0
305,2,210,202,14,0,0



[charstate_mp]
SetIndex: 539
ItemCount: 2
305,2,267,202,14,0,0
305,2,227,202,14,0,0


[charstate_mount]
SetIndex: 540
ItemCount: 2
305,2,284,202,4,0,0
305,2,244,202,4,0,0

[charstate_chtype]
SetIndex: 541
ItemCount: 12
305,455,186,51,50,0,0
305,510,186,51,50,0,0
305,565,186,51,50,0,0
305,455,133,51,50,0,0
305,510,133,51,50,0,0
305,565,133,51,50,0,0
305,290,186,51,50,0,0
305,345,186,51,50,0,0
305,400,186,51,50,0,0
305,290,133,51,50,0,0
305,345,133,51,50,0,0
305,400,133,51,50,0,0
  
  
  
[char_message_state]
SetIndex: 542
ItemCount: 1
305,310,240,290,18,0,0

[char_message_check]
SetIndex: 543
ItemCount: 3
305,540,100,58,18,0,0
305,540,100,58,18,0,0
305,540,100,58,18,0,0

[char_message_edit]
SetIndex: 544
ItemCount: 1
339,0,0,290,18,0,0


[charstate_hp2]
SetIndex: 545
ItemCount: 2
340,0,0,202,14,0,0
340,0,20,202,14,0,0

[charstate_hp3]
SetIndex: 546
ItemCount: 2
340,0,40,202,14,0,0
340,0,60,202,14,0,0

[charstate_hp4]
SetIndex: 547
ItemCount: 2
340,0,80,202,14,0,0
340,0,100,202,14,0,0

[InvbagLockon]
SetIndex: 548
ItemCount: 3
137,149,425,33,33,0,0
137,149,425,33,33,0,0
137,149,425,33,33,0,0

[InvbagLockoff]
SetIndex: 549
ItemCount: 3
137,185,425,33,33,0,0
137,149,425,33,33,0,0
137,185,425,33,33,0,0

[ITEM_MIX]
SetIndex: 550
ItemCount: 1
341,0,0,355,415,0,0

[MISSION]
SetIndex: 551
ItemCount: 1
341,0,0,355,415,0,0

[Old_checkBox]
SetIndex: 552
ItemCount: 3
304,63,0,18,17,0,0
304,63,0,18,17,0,0
304,63,0,18,17,0,0

[GameGrade1]
SetIndex: 553
ItemCount: 1
342,0,0,1024,786,0,0

[GameGrade2]
SetIndex: 554
ItemCount: 1
343,0,0,1024,786,0,0

[GameGrade3]
SetIndex: 555
ItemCount: 1
344,0,0,1024,786,0,0

[GameGrade4]
SetIndex: 556
ItemCount: 1
345,0,0,1024,786,0,0

[GameGrade5]
SetIndex: 557
ItemCount: 1
346,0,0,1024,786,0,0

[newUI_emptyPanel]
SetIndex: 558
ItemCount: 1
309,257,449,255,63,0,0

[RPSGame_rock]
SetIndex: 559
ItemCount: 3
337,0,35,35,35,0,0
337,0,35,35,35,0,0
337,0,35,35,35,0,0

[RPSGame_paper]
SetIndex: 560
ItemCount: 3
337,35,35,35,35,0,0
337,35,35,35,35,0,0
337,35,35,35,35,0,0

[RPSGame_scissor]
SetIndex: 561
ItemCount: 3
337,70,35,35,35,0,0
337,70,35,35,35,0,0
337,70,35,35,35,0,0

[JOYIMPACT_CI]
SetIndex: 562
ItemCount: 1
348,0,0,1024,768,0,0

[newUI_RoyalArena]
SetIndex: 563
ItemCount: 1
351,0,0,255,63,0,0


[NewUI_RoyalArena1]
SetIndex: 564
ItemCount: 1
352,0,0,500,600,0,0

[NewUI_RoyalArena2]
SetIndex: 565
ItemCount: 1
353,0,0,500,600,0,0

[Selections]
SetIndex: 566
ItemCount: 3
362,2,2,202,26,0,0
362,2,30,202,26,0,0
362,2,228,202,26,0,0

[Selections]
SetIndex: 567
ItemCount: 2
0,0,0,0,20,0,0
362,3,31,202,26,0,0
